5.21026056993882,0.453553251549745,-0.494261655296001,1
4.81996927538288,0.518024290715651,0.134507708878246,1
4.88971872720668,-0.00123554186725684,0.51754403437251,1
4.36762032959893,0.389719385282014,0.640801300748861,1
4.6167069801607,-0.129922341647701,-0.609002590062491,1
5.28293402804477,-0.395109620450035,0.473112734062686,1
4.26591510930271,0.0321532379051216,-0.0161020077141276,1
5.60037527287962,-0.272406669694872,-0.264922821415392,1
5.07542122167474,0.480101410545616,0.934380075657502,1
5.73260382883317,-0.211098973399797,0.84316387570728,1
5.12844144686342,-0.026450685329793,-0.0878749436869969,1
5.25865050090072,-0.117883435698168,0.269666929026565,1
4.24857209701778,0.508680773973968,-0.28311636284272,1
5.31276665839328,-0.180272906447177,-0.035538598000157,1
5.1919172765887,0.427509333208671,-0.0750488501488508,1
4.96428401755328,-1.13172307500264,0.428000001864615,1
4.2218602341715,0.0306413115223579,0.595305861048898,1
4.57882328709591,0.0428564251520556,-0.16135249792076,1
5.81730864794404,-0.237410143332276,-0.505075804121034,1
4.74462151888366,-0.295373216828038,0.849331841788321,1
5.33572287171959,0.0303060766804246,-0.55145866364607,1
5.21020106495788,0.347308363016862,-0.528711722820917,1
4.11329866075339,0.0304523546552851,-0.0972093608044647,1
3.96755100384902,-0.496578902160606,-0.180217824935414,1
5.49145923559166,0.41325784761876,-1.18141313989349,1
4.4853372132544,-0.046374636293838,-0.28151500589601,1
5.67447745431415,0.397718413832486,0.499160338754786,1
5.00354582914026,-0.442147922995166,-0.449900898591909,1
3.93334831130218,0.595951697006042,-0.895656157877251,1
6.09709840147824,-0.889997047041718,-0.431215986000917,1
4.81076763475446,-0.538658456747684,-0.0352298926400589,1
4.7681815399626,0.226990002537273,0.672695168344227,1
5.11672782435219,0.13077873129826,-0.291948549065493,1
4.43485320634601,0.583490078318498,-0.576202908143165,1
5.36614242284349,-1.75574446414408,-0.362347999918619,1
4.59542849819389,0.39599201481278,-0.121437295219326,1
5.11450872587935,0.277646221030683,0.449925450197041,1
4.53927361901435,1.02838183024206,0.295302540218013,1
4.78653731535566,-0.309083398324811,-0.227435144108417,1
4.79032271521085,0.0963005070792133,-0.349318579458526,1
4.36653590844214,0.449378394933876,-0.25942788450996,1
5.57588553699739,-0.416936630605449,0.642622069368061,1
5.42433681218705,0.194038595142938,-0.2152053038689,1
5.20362249778241,0.396488641753594,-0.130184597267628,1
3.82389837722027,0.21529513298398,-0.845798287826621,1
4.9192472200394,-0.282264614300173,0.906519031568488,1
4.94389602487859,0.462472354585556,-0.0171646057961189,1
4.76226744446037,-0.450155364771167,0.212899490355977,1
4.92896859641581,0.847403631184484,-0.0605521473699302,1
4.57065432916131,0.140949494852873,-1.05033186078641,1
3.5534060880241,0.520170366602231,-0.368587543441467,1
4.16859993340242,0.770083909975149,0.0693267478906714,1
4.03941425066486,-0.0219134773347857,0.500242540967933,1
5.21946439923181,0.692148597057555,-0.504916716255521,1
5.10481214413203,1.30605504905858,-0.173010863463257,1
4.84994392498902,-0.0151914933474633,-0.178346357008138,1
4.62325337215313,0.393427829971401,-0.162651932945483,1
5.19714246092326,0.304787231785905,-1.30954268264193,1
6.01081253750752,-0.374968762531866,-0.438581589192766,1
5.62783098048233,0.764500430465379,-0.0482209661725287,1
4.90999917540672,0.896134441662828,0.281993940007442,1
5.42195677228699,0.54887621333322,0.588783417837142,1
5.02087043308145,0.979102530152148,-0.435589643592304,1
4.82084167850361,1.05317957507902,0.955957855419257,1
4.58584559643051,0.190688397888398,-0.184877368068233,1
4.67748917921137,0.00759490041851397,-0.133818705890599,1
4.88956574944661,-0.108761657265543,0.147832759860348,1
5.68174565403602,0.222356428852597,-0.418366165295606,1
5.22216351539017,-0.20128317901124,-0.621643273951808,1
5.52416627633452,0.487899568064325,0.656829509137751,1
5.07103057093336,-0.467845831890014,0.130310699757483,1
5.35917827411548,0.353501532720879,0.174238333003196,1
5.1130580858628,-0.357977725849978,0.751655824931662,1
5.44812314810518,-0.448978018118287,-0.330214428366475,1
4.78270246747835,-0.233381562882849,0.08827710821907,1
5.26246016985749,0.540809064422024,0.78236870864133,1
5.26145638451857,-0.0751581710455915,-0.248733345854535,1
5.087731028733,-0.000535489041880091,0.186325451872963,1
4.66020504447274,-0.518418689987479,0.355297911302957,1
5.69292576174753,-0.0515064840720507,-0.671015824733056,1
4.33581334999228,0.633239152920627,-1.36552905578625,1
5.51087977527438,-0.186114425360963,0.964840522778034,1
4.17329841077471,0.186382339353443,0.511467013231434,1
5.55733101523458,-0.168428399929563,-0.691624580037244,1
6.2835354873287,0.329090616395228,-0.837170880411311,1
4.75255215536338,-0.195863404772668,-0.674304152430262,1
4.47065531744647,0.342177388674152,0.532146039966216,1
3.89921519580687,-0.201784419305072,-0.693192030981529,1
5.11672636562011,0.640152166849753,-0.899120024101601,1
5.95666450538122,0.157506593839307,-0.0686153179110189,1
4.63428608339532,0.0315582281656137,-1.12113495255188,1
5.07277560768092,-0.0770157153172228,-0.370437986203043,1
4.64207051849998,0.718400910944249,-0.405298684192431,1
6.16002268674971,0.240451899916058,-1.19017747180074,1
4.99251729795229,0.0734478027033472,0.16232517520697,1
4.53735693809071,-0.253328967568099,0.401481165420337,1
4.81459364465819,0.251613445404955,0.00108174554875194,1
4.67754205624022,-0.227214807703778,0.462401187987898,1
5.23918556803807,0.788885975572211,-0.676736158995721,1
5.75683968784264,-0.160595141595862,0.31758175136931,1
-4.64968865239357,-0.096547121868131,-0.529672824429746,2
-4.7064061482871,-0.417140024401388,-0.157093792085333,2
-5.74383734290873,0.0867673518395785,0.27641148247628,2
-4.93624203221985,-0.0957063096020124,0.082181129704045,2
-3.38184049949983,-0.0675597249399857,-0.330230051404183,2
-4.79935218905195,-1.0079518358533,0.410434586662795,2
-5.56333368688359,0.201696187785754,-0.677051592731206,2
-5.00617325728903,-0.294915881909746,-0.0806923012913389,2
-5.62891532878938,-0.628920091374726,0.232611733852181,2
-4.58847648384829,-0.338545380273252,0.242431731910948,2
-5.61003002164579,0.636251329891783,0.741933454755969,2
-4.42712019997967,-0.109197842914676,0.853122199367581,2
-4.66332354523271,0.15119744857941,0.717506164222809,2
-4.9994640080156,-0.849100333960324,0.0468622165367917,2
-4.62676598769789,-0.747468031543502,-0.0984317823328088,2
-4.70905657171891,0.133498190835474,-0.152213589631893,2
-5.14503146800947,-0.587367792265198,-0.525802515007158,2
-4.60846321295062,-0.413766850787479,0.488689632546948,2
-4.88462153711398,-0.238082814534579,0.515532283231629,2
-5.2215071480175,-0.357048557176458,-0.711511815985074,2
-4.50887693293188,0.274539438609971,-0.276291966974061,2
-5.06002282910148,-0.901298691503748,0.364884206678886,2
-4.38669577366563,0.205118848202145,0.346696061424553,2
-5.2165022017872,-0.256701023452551,-0.473747058387733,2
-4.8486544950215,-0.119002119489503,-0.511434682782056,2
-4.70632949997389,-0.550105800532321,0.422655539998244,2
-4.34971149573992,-0.807093593175386,-0.125086686228881,2
-4.76199268321521,-0.230852311964542,0.661765679622984,2
-5.24129172010242,-0.558190791010772,-0.0158604927262949,2
-4.38719816844752,-0.555063940963078,-0.157255088808122,2
-5.44817701708583,-0.562727551122225,-0.0652229100020266,2
-5.2793225578876,-0.371323444945422,-1.01110844361985,2
-5.38866191080785,0.0452427954850013,-0.10140735024855,2
-5.71807109054099,-0.539684551335739,0.30418590795453,2
-5.24223231877176,1.07363607474035,-0.12244449455934,2
-5.20643586209985,0.793771024473421,0.428282168583334,2
-4.8404710161189,0.012077076218849,0.111259220933582,2
-4.3312082950177,-0.418830686893145,-0.585440824094965,2
-3.3972626904061,0.487200350275374,0.174713868619535,2
-5.23907058424379,-0.610233151536648,0.912784936460133,2
-4.12047906117085,-0.469534489491545,-0.0555771894119496,2
-4.36819918690119,-0.594346585529985,-0.382455371482432,2
-3.83144861912185,0.614133509937893,-0.727034769544275,2
-5.10334678569561,1.12525903220506,0.0172856962451955,2
-4.82001821566742,-0.263045847203459,0.426741481737339,2
-5.97980068768131,-0.134140569169395,-0.0597869257321093,2
-5.69752513029719,0.131381660698692,-0.540307079022524,2
-4.9424642974413,-0.299672894002183,0.033764169276113,2
-5.61539691734248,-0.218707916445602,1.44297697759476,2
-4.97618694123058,-0.150457251793073,-1.11145003185436,2
-4.3037726570441,0.439224789680144,-0.621091451574416,2
-6.75842462388944,-0.356780023122035,-0.0808583132717155,2
-4.45086865393015,0.40114579288812,-0.776040042951402,2
-4.92154465303808,-0.127189546517885,-0.409890600848419,2
-5.64088132426317,-0.828109311943394,0.269483970475658,2
-4.79719117739582,0.186866854842316,0.208535826150343,2
-4.03079722849314,-0.302469844130625,-0.362777137436892,2
-4.76547338184057,0.51705667186248,0.0554666142690912,2
-5.57482241353752,0.227457478836873,0.11262741501384,2
-4.72844638226896,-0.363233606216144,0.227996469107874,2
-4.7738643406647,0.643413360652749,0.478137327320031,2
-5.13872349580267,0.278471636217972,0.00863819549654784,2
-5.96782268889354,0.213851828803625,0.346341194558213,2
-5.08137817471228,0.199680161808656,-0.318806770298538,2
-6.61099878907194,-0.274042924973315,-0.237138852098168,2
-4.959255581066,0.764522452195329,0.368244858867338,2
-5.35860909122361,1.00136077777866,0.519781635150144,2
-4.57699821426345,-0.649366991705429,-0.149686027630136,2
-5.54418625804389,-0.806691732787542,-0.32273283116931,2
-4.78225481613452,-0.205309677963993,0.288696616532259,2
-4.32026562337371,0.0452515687540514,0.0157061608827091,2
-4.40097649653241,0.299306189189435,-0.392588900165682,2
-5.42323605649473,-0.903913169881111,0.0147521402860767,2
-4.1009343705311,-0.139411190078154,-0.266350712182401,2
-5.72617413537081,0.443431623731139,0.364893970388665,2
-5.48712676495909,-0.0219078832521545,-0.379723487717024,2
-4.93178889610093,-0.0809171647327953,-0.4501790023396,2
-4.60988689043577,-0.24887415254295,0.204629074785183,2
-4.20378071089106,0.817185318194542,-0.415950560536604,2
-5.33405587657531,-0.138346167544807,-0.79830058408572,2
-4.29541914274643,0.727791206734611,-0.757022179142551,2
-4.94427516158923,-0.447569672965881,0.677641683920301,2
-4.66998055925305,-0.300648954351563,-0.328380462327529,2
-5.57856871267154,1.0773217762187,-0.24639381121332,2
-4.35993357890807,1.01528580557385,0.608866768607346,2
-5.47610086699521,-0.346094230998076,0.296205435947635,2
-4.03886002479632,0.570569911092053,0.310656986671905,2
-4.37116610095332,1.18234901800523,0.877250803976843,2
-4.49764305520621,-0.0598545753458906,0.740994796942911,2
-5.00868616893765,0.0733920565733574,0.454927301111099,2
-4.69383964888262,-0.640920797186012,0.415256771465115,2
-3.95742006994907,0.0615717469608274,0.0795415314066214,2
-5.59795305460706,0.385541219506191,-1.18212945702479,2
-4.76671095076339,-0.632265990080289,0.966218471535533,2
-4.43457433628847,0.303755005261622,0.0843564002502699,2
-5.07772644641453,-0.257553440576706,0.0175884714896142,2
-5.07605203229546,-0.179675309509169,1.04915390951071,2
-4.59709017477373,-0.366666345981103,-0.295795672437924,2
-4.8377518112685,-0.505523362285275,0.0628448249960366,2
-5.21750989667008,-0.130936220755829,-0.673558069984782,2
-4.80523859769466,-0.164273761770828,-0.232844600365719,2
-5.14457317570019,-0.523051716207988,-0.380285870558213,2
-5.5724003478594,-0.0103764905057062,0.310416044367553,2
-4.73224656205929,-0.104389616439777,-0.0466775990780457,2
-5.31651116162035,0.252202499672492,-0.32939547337071,2
-5.12613070340839,-0.645107641490265,0.796068223406943,2
-4.58349572829444,-1.09253973369111,1.10583936072645,2
-4.95028834486089,-0.628853425940691,1.13843128974805,2
-5.04858033124518,0.491552333491075,0.215913778284808,2
-4.72519101046433,-1.01819428032851,-1.00688594337512,2
-5.67937968702696,0.523711182079131,0.077702805016017,2
-4.74656866521326,0.372469590630426,-0.100479949080148,2
-5.38570596173776,0.600158643991676,-1.66201864270333,2
-5.88170940847137,-0.957222297730953,0.487625085402254,2
-3.66908172181735,-0.704714885210833,0.00406867172930676,2
-5.20755327572365,0.711888123859842,0.696987388070358,2
-4.9322523969453,-0.605814945402579,0.0200586450175725,2
-5.14417975286483,0.364499814254336,0.0127705118487706,2
-4.6011991628818,-0.0362426362677702,-0.382438644677136,2
-6.28656970886743,0.605149575142279,-0.35212884074957,2
-5.22044595703535,0.0638440889788466,0.714389206589845,2
-4.88703271264316,0.2048862888293,-0.343264804096939,2
-5.67252029751425,0.107467223253185,-0.260911816432603,2
-4.83173604687449,0.703609525689537,0.364664949080878,2
-5.23842621068241,0.210160210940143,1.01230646256226,2
-3.92447933208592,-0.50030683692846,0.87077016417526,2
-5.1779471811519,0.984684105579935,-0.256024789792327,2
-4.31440147572994,-0.25938842545606,-0.745903426605064,2
-5.39230577709308,-0.0288078793978005,-0.57322502547169,2
-6.3116340933236,0.442148102262573,0.618492750075634,2
-5.47924999349691,-0.49947026265501,-0.733185662259798,2
-4.09847489055421,0.129297063512881,0.573073889410424,2
-4.79723054776492,-0.0812775088091439,0.0515082493145737,2
-4.9594695268988,-0.442421135821917,-0.373791533976064,2
-5.07185977971942,0.149839622091857,-0.377696919573366,2
-4.46487310302891,0.162171655494177,0.00154506926397186,2
-5.60773094547387,0.707711124454957,-1.01824659489982,2
-4.68489734715806,0.702988960701962,-0.581233615469369,2
-4.48747880318043,-0.0860102232673355,-1.09830579133473,2
-4.53426491180137,0.69141809423403,0.344302047569202,2
-5.09786884793486,-1.07877552361336,0.587254300510339,2
-6.07169941171759,0.210676737914656,0.217296414038271,2
-5.45325625133149,-0.86080269267165,0.308683893318514,2
-4.5010598744436,-0.127996069186817,-0.907602514843122,2
-4.74897920155616,-0.984015433093563,0.632451883401238,2
-4.85772528300885,-0.460951591405404,0.189575386618504,2
-5.88836319893327,-0.189960886972847,0.69936005924058,2
-4.97387432662072,-0.735957181683886,-0.341760077594574,2
-4.18527875635781,-0.0259688301442947,-0.212641995165517,2
-4.35298236861292,-0.544641083334466,0.0809921521737563,2
-4.75715129850881,-0.517907443752297,0.466705641456393,2
-5.01041537244426,-0.740433489225661,0.464828462009731,2
-4.72804523152439,0.177841900109752,0.0040140700110527,2
-5.38303018291298,0.552080696784399,-0.3662490733644,2
-4.50067621244785,-0.0328323182501812,0.454677698168323,2
-5.37443764887102,0.156690899316297,-0.357106212169534,2
-4.65318045454929,0.558921291027064,-0.769443961781369,2
-4.53837526726891,0.284027137035909,0.559193224639205,2
-5.45342167180341,-0.408368695263226,0.889930480468549,2
-5.62818136083781,-0.842741137599657,0.300456630583933,2
-4.95014956029674,-0.301226526399183,-0.0940232942988995,2
-5.26759822408733,-0.15285167269391,0.190174965282775,2
-5.4196275245265,1.15913394590072,0.426168952774338,2
-3.99574462135854,-0.176150639052539,0.0739968809002725,2
-4.39717915168028,-0.350875053415549,-0.204279899608791,2
-5.24509950381485,-0.346812848889635,-0.703819843953687,2
-4.94399883482351,-0.821357614238017,-0.826821980264371,2
-4.38059251983779,0.0623109940206834,0.148260230772643,2
-5.06647758610906,-0.304916289309097,0.159478872087256,2
-5.24692073596675,-0.911834841259694,0.326782837305483,2
-5.09800055126879,-0.396773699942312,0.0247570255174389,2
-4.60403134679049,0.369661963862811,0.535436632405857,2
-5.22827253353354,0.471671175374253,-0.29940343056004,2
-4.8813390949183,-0.220530488040741,-0.63833216506665,2
-4.8133975943709,-0.424806626312008,-0.274646272656571,2
-4.64385905927678,-0.222985889580266,-0.238043383954114,2
-5.14948371673971,-0.0583337330876288,-0.649197256437342,2
-4.48094773596734,-0.0839958173832896,0.683052332373687,2
-4.57305688493505,-0.000407160554816448,0.525524395271271,2
-5.01748214572288,1.08655693248242,0.866030536726306,2
-4.92253761891768,-0.974473919650493,1.06982130868534,2
-5.50716962336477,0.0348371174878058,0.0497566674450768,2
-5.18161641884837,-0.438654988630175,-0.0205869423284571,2
-4.15943149858485,-0.257818055785589,-0.111743103551841,2
-5.82494123490283,0.349788094747722,1.13803370377754,2
-6.23174033042084,-0.360574965904402,0.785188882172886,2
-5.19582674225024,-0.178897511207211,0.0788832444149471,2
-4.09938602030637,0.748744286377155,-0.349394863849652,2
-4.64864025201508,0.446554033293227,-0.348206929630587,2
-4.94875606616573,-0.709472651271392,-1.00635589795057,2
-5.16980314121391,-0.0917306637891855,-0.42918864184696,2
-5.08487301718796,0.985757485952271,0.237911956148001,2
-4.53885818597009,0.351302781179007,-0.0487627388017912,2
-4.47960425435888,-0.454707178631208,-0.394287015067902,2
-4.71196089017237,0.137575299946083,0.488590482621554,2
-5.46416031714328,0.0849659109583683,0.577484464742756,2
-4.66012491850596,-0.0105306261909218,-0.43197367995552,2
-5.34981389550457,0.792295855724549,0.0756822233058071,2
-3.59834578320937,0.563924041808572,0.308639156137414,2
-4.95417952990642,0.225839017233138,0.222478128102279,2
0.472849669871692,4.28450605472629,0.876859793992174,3
-0.111631285794473,4.49859009166727,-0.135811012548548,3
-0.361221876765128,4.5466892080547,-0.248371040040198,3
0.826679352240072,5.12494738281831,0.0574748000488705,3
0.276469047837939,5.5828322317324,0.0958537024906914,3
-0.24777274666225,5.17272884512967,0.0194097067488302,3
-0.0780241355478201,5.52574585976891,-0.0123609658793307,3
-0.966435208580618,5.54200994967848,0.116336424223708,3
0.19344494964175,4.9129243001276,-0.366946723639814,3
-0.8743972077257,5.36835737697221,1.09889957895449,3
0.343726597951507,4.02005247435481,-0.0884352892248429,3
-0.84102788937876,5.5456230669163,0.117481731333407,3
-0.317731213094102,4.87217316436367,0.390847934658288,3
-0.350743511126085,4.16878738320763,-0.24936494038849,3
-0.0932781713019367,4.89340575855713,-0.664857072720975,3
0.191573409599704,4.75365549537745,0.23303266018832,3
-0.179549543755602,4.54944756650931,0.2186729734991,3
0.560645148327719,4.59508971053703,-0.3495921201174,3
0.572247938812828,4.81045948689546,-1.32509322923739,3
-1.75434176644023,4.58062601175287,-0.461995677175758,3
-0.289148174482454,5.15504063810513,-0.744864434165711,3
0.0176371887063482,5.00696454338516,0.0738557757994719,3
-0.373734059957147,5.14625483621056,-0.0440857485125331,3
0.175733812179731,5.74371661304971,-0.218477996487269,3
-0.101025787348987,3.96138648862724,-0.100724198865886,3
-0.312656749207174,4.71640669728336,0.207122737750643,3
-0.509855043897862,5.2352594455695,-0.568532772588229,3
-0.117834388164386,6.02925925943557,0.226338955689276,3
-0.877842510570934,5.0653291435866,-0.24545567519413,3
-0.257019719236477,5.63547860252452,0.624207867175202,3
0.0699488288565375,3.39655018323403,-0.116064485893074,3
-0.579013332671871,5.06685254971129,0.949042363755104,3
-0.458784992566224,5.00058643133546,-0.0424092365927409,3
-0.68275877787046,6.65302742014518,0.229217180094059,3
0.371956995468416,5.09687603668661,-0.440885374932525,3
0.396613474791788,5.1126971791037,-0.246410122220359,3
-0.840384476706594,4.93080376765026,-0.48004065428487,3
0.0296145767379128,4.32202245033762,-0.434284648582649,3
-0.00317577237048577,5.16678648261831,-0.310254211807058,3
0.965136358776088,5.0658060336505,0.0870635268368566,3
0.267130423267446,4.4356997352005,0.192850583514986,3
1.00963301390061,5.27023205614331,-1.35075755507988,3
0.379085321802281,4.24694420644872,-0.0860437377411854,3
0.121154455556213,5.7815130409641,0.315205058906865,3
0.625170693919026,6.62258507732679,-0.668064152704988,3
-1.05183425064467,5.01433461817435,0.58410436635321,3
-0.224335946202389,5.2116170626913,0.715123747385766,3
0.925764297385263,4.69775178245113,-0.903889918042794,3
-0.22357453095783,4.45699064890762,-0.750197890901697,3
0.411292655603823,5.42042773990577,0.161331630397722,3
-0.0841946414699556,4.60068401637561,0.68734842072026,3
-0.512931667500113,4.72113972735548,-0.570575321522116,3
0.169367023206444,5.15241695417297,0.158927010019413,3
-0.406269822674935,5.46339313672106,-0.241150682185907,3
-0.494988376062943,4.32787027445622,0.533230645210123,3
-0.250411704294739,4.92253698417072,0.683436839285768,3
0.50859158417092,4.34429968919111,-0.20545646860269,3
-0.0203372722591937,5.46452892197679,-0.192141247028745,3
-0.171986644465567,4.65269845912277,0.0554831458516924,3
-0.331348787352978,3.96324746864227,-0.290471836577039,3
-0.131402779452888,4.96129319648538,0.324876706163578,3
-0.756332245848353,5.10765585118839,-0.73552483084704,3
-0.22094343121289,5.34525416717098,0.44257561690454,3
0.553440885872195,4.51303440380553,-1.16254155381669,3
-0.0636121629771394,5.11111884921155,0.0135980158193476,3
-0.332204948394528,5.0810237716359,0.25073408610828,3
-0.200307815303156,4.7514906875842,-0.00699529394002805,3
0.0273443458340576,5.80170454173465,0.476623092854386,3
-0.287980599020237,4.96843885834342,0.0713530876972282,3
-0.495471056832669,4.36150575446614,0.0216226624190688,3
-0.232557564175399,5.06531044471949,-0.602185105305362,3
-0.233356725130041,4.89069413023385,-0.342873991490225,3
-0.695355487159697,5.10160676060602,-0.0612198518888411,3
0.0588258226117641,5.03559851833764,0.142515539275393,3
0.221026034797654,4.29160711621546,0.024733039842766,3
0.410734340613149,3.93075162180453,-0.421005035916363,3
0.0447364203510571,3.91841924516661,-0.190337245460396,3
0.625220421519993,4.05815684529162,0.316292320424619,3
0.63492186021889,5.71176861877064,0.684816159289211,3
0.18552598063666,4.999438588964,0.174416318229402,3
-0.670651247431032,4.50302406254246,-0.112908220489843,3
-0.311852009913391,4.70115796817011,0.527400100221165,3
-0.602453981058837,4.38721511863777,-1.15103883801345,3
-0.565674906991876,3.9189209970594,-0.511694471643385,3
-0.36961301722847,4.50116103549413,1.41787754017782,3
0.395602644013987,5.71291294925444,-0.107922598204695,3
0.0485127794744415,4.33097661783236,-0.10258490379219,3
0.0115697578196859,4.43993155354817,0.360870555218458,3
-0.548441871964056,5.59202117323928,-0.198527702191641,3
-0.536078342028152,5.17601694265001,0.0881991950928631,3
-0.0189826409777285,4.74196860766975,-1.01930123014463,3
0.566177741041524,5.49779167555749,0.0939342437771339,3
0.187579211032774,5.87640391340405,0.168668780551838,3
-0.264975399501629,5.67521748096197,0.146629556842154,3
-0.0911110039163923,5.15801338883195,0.0301701237908001,3
-0.0304219871858354,5.89532110004502,0.828123830074546,3
-0.691968453449084,4.55403077228645,0.297799212031834,3
-0.280002951305266,5.04963999264196,0.435596697967624,3
0.948731256874757,4.22349387705537,-0.882863148247157,3
-0.263106224915099,5.45118744105354,-0.0269353237990069,3
-0.00712712373008785,5.09650692193042,-0.0189470781910232,3
0.259908008364742,5.95269547986596,-0.138958496910506,3
-0.0926893191705628,4.45140806490221,0.328306864307762,3
-0.190575567778439,4.62143876805354,-0.610052908105723,3
0.0417645872495428,4.69765431910214,-0.584698385544677,3
0.147645800675863,5.39542795148448,-0.138392018772175,3
-0.808840578033008,3.99537100042587,-0.211389062623587,3
-0.117235014411213,6.0616434101278,-0.997013139771781,3
0.24052398883376,5.07808376766452,0.0694211232998675,3
-0.515174109321265,4.74908733925613,0.826964151531132,3
0.131841129575056,5.14138586514029,-0.022959535229051,3
0.442957945278042,4.39902842812329,-0.276337864957884,3
-0.217654767266874,5.49054078288608,-0.202929179644615,3
0.491821777982915,4.89097323931721,0.0782644894935547,3
-0.242904836256319,5.01507306252659,0.84805862847877,3
-1.02005317729001,5.49775430178691,0.255595679782233,3
0.589439469994126,4.25366171408066,0.497429527114042,3
-1.17938889289691,5.24192530190422,0.128365405339844,3
0.14956247654836,5.91140933177433,0.316439508009277,3
-0.247466162527309,5.86801891179149,0.0403472274859946,3
0.0737487209405716,4.6081400295043,0.108286944311313,3
0.0849214563717816,4.05007247894067,0.455599588861331,3
-0.593301252639976,5.8744784953374,0.900526892054297,3
0.709732503712131,4.63350227180096,-0.725902354072747,3
0.250545697897566,4.57181411049037,0.789464259002424,3
1.07359561750912,5.74319037394857,-0.298797565878207,3
-1.29722619533122,5.35335577109672,0.187140106118166,3
-0.48808896259822,5.71710799213735,-0.11724225204858,3
0.214344666217745,5.12435735472938,-0.49340269787642,3
0.184262351649005,4.93199631616936,-0.1563561811193,3
0.279627029849055,4.96581219288502,-0.0259632047408454,3
0.103940902178352,4.67400053011,-0.562277550722558,3
-0.513373765250005,5.1283019692337,-0.568863324143277,3
0.426128941111272,4.08939434029875,0.0964101604425855,3
0.726247816541333,4.04404022094906,-0.0256670450553985,3
-0.912254637870219,4.8752675933925,0.135769329565632,3
0.196019007880352,4.73929941562067,-0.794643788597153,3
-0.856062711622485,5.92699983909854,-1.25509014428649,3
0.00932848654708447,5.69532883444441,-0.00532758346013454,3
0.409506261461213,5.47446867187076,0.257102171559714,3
-0.331595315612236,4.33666297904737,0.236503798847372,3
0.856142916999135,4.57517734529995,0.130089085594856,3
0.355403921572287,5.10617947966134,0.336843201680106,3
0.0970850392669714,5.37314292399436,0.412660425009245,3
0.12228544102493,4.34840014786296,0.0162599222276991,3
-0.202332782051912,4.35607688250796,0.273102151378928,3
0.263159083581232,5.08804921120547,0.15511643798199,3
0.695545924599465,5.08213454696344,0.087046012759967,3
0.153817187465164,4.68243964924794,-0.0734129090150699,3
-0.366726761720045,5.55209053946716,-0.477995433769924,3
0.451521228665728,5.65128665852348,0.09279206240312,3
-0.267388485048759,5.38331958359374,-0.254387727107131,3
-0.644523962485739,4.00556522352745,0.113981711457962,3
-0.225199493981091,4.79932389571491,0.416161290800824,3
0.507339479376569,4.21619386569713,0.215996639881275,3
-0.207494135453516,5.57755572879071,-0.445597467493528,3
0.705525860921931,4.45894930349596,0.225003593262059,3
-0.037859645567946,5.1024977808108,0.198001619023141,3
0.782646594569586,4.47981188199249,-0.414108886954714,3
-1.15735507981736,5.62399672920069,-0.00446066353672502,3
0.288167554503519,4.4075916752447,0.425621482291637,3
-0.0816158073261813,5.05608834397554,0.0998818613276722,3
-0.191611413511581,6.18207586209855,-0.575701454632681,3
0.0545266176300005,4.72306334030356,0.141130346618729,3
-0.198834164399967,5.55078151536575,0.364659398447138,3
-0.0888226539133487,5.79291872012062,-1.0889081067768,3
0.467591454343063,4.76874156303928,0.619857861703822,3
-0.117979561550618,5.09116609865692,0.204317423921811,3
-0.876528540356206,6.13711808490765,-0.469127003730424,3
-1.31296190235393,4.84337939859681,0.538146787560628,3
0.408200061057693,5.50629696640418,0.298133736363503,3
0.0856934451608654,4.58275521501465,0.158971096054464,3
0.461652075351336,4.18508820881478,0.121060534278054,3
0.70967154755469,4.38696272056732,-0.966629780684463,3
0.448711690496902,5.98960583985854,0.245471587831411,3
0.112032856446124,5.50068098820832,0.656061421306771,3
-0.0663106096401492,5.71911245996465,-0.43551893238365,3
0.196291511486217,5.2288664976349,-0.365684492113969,3
-0.0467631902272103,5.64600408007215,0.126416381984066,3
-0.386476050633086,5.41069648893913,-0.457840735251239,3
0.242401678650625,5.31679935123242,0.270254732888888,3
-0.569068477303279,4.71041148954662,0.073550677356906,3
0.279659648502884,4.82581099616042,0.683867688555085,3
-0.152749114506128,5.56149591432522,-0.170348202974437,3
-0.107950072255236,5.63128668500027,-0.548823706013412,3
0.545463698064288,5.57709778582003,0.0843654391946218,3
-0.339350224057524,3.53219134743357,1.1996974966195,3
0.34315070339652,4.86756658085359,-0.177152574980318,3
0.0914883717321087,4.96996109279045,0.0329070842671534,3
0.559061814066948,5.23354034574492,1.27323396917731,3
0.285361222520304,4.9061139101251,-0.516475135105047,3
0.38533363496641,5.6183616188265,-0.324556549906984,3
-0.131170247123346,5.21350850204028,-0.122073207737196,3
0.0682051380543117,5.34827495847369,-0.636440301351614,3
0.349570675008045,5.40618116386181,0.424673973890163,3
1.02374867841168,5.20148788620202,0.421807406560332,3
0.270745248814885,5.93634576736726,-0.668804046691659,3
-0.507664919266843,4.41840388362513,-0.0859008663627351,3
-0.147597387133499,5.5752678393285,-0.485459210947713,3
-0.987965604375577,4.19292813703406,0.0711981278464927,3
-0.0215560708990232,4.27623850448225,0.0330513960292386,3
0.332187397927414,3.88654533254753,0.481725246843237,3
0.20346225420402,3.45206307736269,0.00893134970362255,3
0.292693058225601,4.43630322227321,-0.107481200953331,3
-0.268140228105162,4.80037174096572,0.560762307324493,3
0.606604351725825,5.56043569762925,0.76117445158402,3
-0.0795628610130776,5.45213259617349,-0.183390715094682,3
0.72207838929113,4.45313473487905,-0.46784559462329,3
-0.187472241864704,6.26252409211348,-0.339896291577309,3
-0.436258089892663,5.3434921328973,1.41138999948759,3
-0.265090178938407,5.08814322768114,0.19313972765721,3
-0.444072471050896,4.85503341441014,0.236397226545706,3
-0.0333343286209669,3.83394286680572,-0.579273792945154,3
0.278881032410404,4.8219860526436,0.0802892843347368,3
-1.44255558615022,5.38260315667491,-0.667438403973573,3
-0.0824498953393174,4.99695756656666,-0.0243352425048732,3
-0.593532958001946,4.97767328527637,0.208024881499826,3
0.272528246947046,5.09145756576592,0.346546754714579,3
-0.295465624644675,4.77810061548045,1.08003014886778,3
-0.0886822887361348,4.50359303532662,0.0767993261081562,3
0.659296750943369,4.19970786664878,0.306839797181318,3
-0.0521646822414814,4.05193828467369,0.508185293549184,3
-0.133189943876624,4.57081946172944,-0.221925912591539,3
-0.589708880452611,4.39704893214819,0.230940401430655,3
-0.496298016400404,5.89877842810075,0.644603421034387,3
0.468771762181445,5.00875090691065,0.993150440222442,3
0.662118610383386,5.66337660005362,-1.21587098144618,3
0.177541464329396,4.93048553828981,0.245724598458299,3
-0.224257673364423,4.86100742058907,0.0384683227387324,3
0.650806411342349,4.84221846027048,-0.250446565272798,3
-0.22699650169284,6.12181119653516,-0.418378467172079,3
-0.322132965314729,4.8020646961147,0.649876553958943,3
0.10276953262549,5.09511026273674,1.16249152576123,3
-0.397490483452157,5.4657942142561,-0.0151367140060932,3
-0.0722421982490429,4.78034198638761,0.00908980944298684,3
-0.1231330432214,4.65998563942352,0.931429486690073,3
-0.217789723299671,5.4699655922885,0.156413414200585,3
0.37455551353017,5.44426544186584,-0.0275319114462949,3
-0.603695008988279,5.63306005159455,-0.293690147212346,3
0.235921842214581,4.43625825371684,-0.0201099625518671,3
-0.536568705198309,5.03285766100235,0.0132148387124479,3
0.224914716475087,5.43856692130313,0.72382932414067,3
0.0389767463724955,5.13640267378026,0.450530825467393,3
0.349589092782542,4.85274601727601,-0.114802847366564,3
1.0232277976483,3.95613039651946,0.481183002877768,3
-0.217736144657593,5.16928499690546,0.0207897341473746,3
-0.591888467395568,5.52631454821683,0.681627828274593,3
0.518207265751036,4.86315037041205,-0.444656432505348,3
0.888908139799828,4.09051237879979,0.642608872031159,3
0.392606672811127,5.25467985023804,0.511700674636172,3
-0.315703314987605,5.765571095516,-0.0209516991030967,3
0.0667428514248675,5.14946854841386,-0.681717998437695,3
-0.48910707763105,4.33275884719786,0.968193749642412,3
-0.10728046280205,4.74582023593452,0.158644246201505,3
-0.0499243349029775,5.6782764301678,0.630256502201124,3
0.592726452838772,4.91756752231031,0.480136841629833,3
-0.285862557276725,4.91220877554297,-0.366857540380541,3
-0.984450301400363,4.89362037382253,0.204013557914421,3
-0.0151811415844378,4.68916502953443,0.206683136880205,3
-0.578796536936656,4.83124146140871,0.437882898489248,3
-0.42243491439125,5.98850662113942,-0.308739418771439,3
0.38214862710132,3.93288470478096,-1.00089622987322,3
-0.0745839804145681,5.43635177319102,-0.900931736123459,3
0.752721394761946,4.71794917095905,-0.34046778411942,3
-0.692536845394544,4.88147758628837,0.241935146722574,3
-0.683418676821309,4.85141562204986,1.15872515558879,3
1.38470554512831,4.60733722707544,-0.455022451257265,3
-0.19550908288773,6.03767943818134,-0.36639519647543,3
-0.154071193869515,4.46393658366841,-0.965172926079561,3
0.10848865576972,5.23105915248996,-0.17143865834513,3
-0.0956113009999152,5.15676258399418,-0.549202110066582,3
0.211780009831116,4.85606339989551,-0.62076095935611,3
-0.60680920521468,5.48033861350703,-0.819876659904643,3
-1.1819678346791,5.12101783016601,0.0212766678569441,3
-0.111207745691143,5.19657822296261,-0.61231182914838,3
-0.0597563246869294,5.591242884682,0.954710515421867,3
0.0460612847693725,6.11829840155144,0.262924473958373,3
-0.884354968790948,4.28763439467981,0.555300623207474,3
0.698274615264359,5.71773100795396,-0.00697878946867166,3
0.304988234602488,5.5074710939533,-0.500274075401482,3
-0.101990038296684,5.59953099980077,0.276774342968411,3
1.41598485161537,4.64728804366483,0.016366638300084,3
-0.259994131566067,5.58965220281611,-0.171068528658514,3
-0.988029974042818,4.93775636950909,-0.105601992562961,3
0.0316118974483988,5.25048058354613,0.879966361497924,3
0.105145193907504,4.99382444217254,0.254339046730435,3
0.519972263215776,4.70522836925823,0.156775943246321,3
-0.281523252258839,5.43846529205217,-1.06530825803027,3
-0.0693297902862647,5.45508036647414,-0.0462490905745188,3
0.581901552774569,5.21181962794947,-0.270731249630504,3
-1.11049591361509,5.42863864384748,-0.639214564684848,3
0.00687968604071785,5.8207427476154,0.840935469082269,3
-0.320677486415536,5.42620504226149,-0.858066845216046,3
0.532129663293695,5.87297653569444,0.49137981130813,3
-0.294737535846324,4.81779362709315,-0.104450675720897,3
-0.239694510746108,4.9835971574364,-0.485091725064898,3
1.21866255519075,5.0351624718969,-0.52549812710484,3
0.469662202898356,5.00485234674921,-0.201716441618398,3
0.657646626035417,5.15190501636581,0.00574528283546341,3
0.237803836093875,5.26009455157673,0.274562366123591,3
0.933865970932631,-5.82869108764425,0.307868553525832,4
0.0609078122342379,-4.90689582790203,0.233100668918699,4
-0.0839807557118526,-5.02303309029015,0.366796500128278,4
0.0839200379898125,-4.65084386052595,0.0680457086575795,4
0.299748256808931,-5.63665054217397,-0.0955814696033734,4
-0.444862414636225,-4.69970579796021,0.0337196966275366,4
0.08440586832829,-5.21548214099606,1.1281652804093,4
0.511649431896826,-4.43642639888415,-0.433435586845864,4
-0.339495025182275,-5.11506748526674,-0.8615947648504,4
0.399999538370126,-4.32546807933685,-0.650975238627846,4
-0.576398844281538,-6.2130661934836,0.144523705268757,4
-0.38952866973959,-5.32743754116325,0.986611684867854,4
-0.646912297093019,-6.19696238090929,0.291256265847662,4
-0.255887057537482,-4.41277051240933,0.670301694133295,4
1.34422522334604,-5.03128722081321,-0.205826635394044,4
1.04952908387308,-4.28810435930618,0.122012539220453,4
0.00632494696543981,-4.06387376271082,0.151856928498127,4
0.751379340641397,-5.26479641923908,-0.668714989682625,4
0.614753298350086,-4.75966576440356,-0.122557103766419,4
-0.497814944958145,-4.96760840579859,0.0533251423809149,4
-0.425202061053595,-5.29198680573632,-0.433831146591024,4
-0.206207965876338,-4.70475737125163,-0.478546725220053,4
0.508403754417003,-5.5423658307133,0.326970884731758,4
-0.0672862152147319,-4.95017006360788,-0.657733589583795,4
1.14452439583502,-4.63604375149592,-0.062564821454615,4
-0.218871390794703,-4.65360288475414,0.197567006787854,4
-0.364136900175144,-4.89713867485717,-1.53823687653785,4
-0.218149832729299,-5.2838361216765,-0.0949164838495042,4
0.246200141862741,-5.43127904021265,-0.0890302541087601,4
-0.244938124745356,-5.11434585327409,0.577485898253465,4
-0.434557164960018,-5.49806962561018,0.0695549950865201,4
0.214067049714861,-4.91913974006258,0.320629947688899,4
-0.731257156556764,-4.5559691460335,1.73303746801833,4
-0.128557063104313,-5.08206110138812,-0.599384582197178,4
0.168732568786979,-4.7409760772164,0.583446892358799,4
0.686043207138304,-5.15148196932329,-0.0505263173467781,4
0.103863560737237,-5.21116370251606,0.59434423045049,4
0.490231698313517,-4.40088610888929,-0.139722860115183,4
-0.667138260093928,-4.69941938066748,1.07656649779064,4
-1.29811600546779,-3.82915890003116,0.134201493277152,4
-0.159058635787928,-4.93059381975357,1.14630522915667,4
0.0527296104209283,-5.78013342433205,-0.101967110202074,4
0.604595205694621,-5.07031146045611,0.399649494698103,4
1.05292481515849,-4.76305706101581,-0.522545209604686,4
0.383958520863917,-4.62336247797145,-0.537815096152714,4
0.300003541156379,-4.28705710774158,1.18124183951707,4
-0.0701973402586886,-4.77935511233595,-0.389022064230396,4
-0.11950364307746,-4.17793651133837,0.629756196942037,4
0.606394436447888,-5.75883782348949,-0.356264260914801,4
0.730340986068679,-5.14048292863523,1.32731499848872,4
0.0838837007840558,-5.05773573979972,0.594061451521732,4
0.0377562008541579,-4.09961749159601,0.39317870592947,4
0.0283780704938525,-6.19202102105683,0.122192619372742,4
-0.363190506504768,-4.63478796169945,-0.770321529982663,4
-0.256808647666717,-4.98925206072976,-0.346058591762495,4
0.441458544921753,-4.724581810769,-0.860001632106342,4
0.334956145362725,-4.28400493082115,0.223137837522327,4
-0.390419412705373,-4.07443837893889,0.317380666811811,4
-0.239741862729224,-4.62689798556452,-0.26683522395157,4
1.3729788842322,-4.31294599501541,-0.0787631563114135,4
0.42388513975236,-4.65073984347837,0.62830767213552,4
-0.362980601732264,-5.54069604219252,0.585402095309284,4
-0.0464454875732931,-5.50278294316311,0.258047692383818,4
0.201879725213072,-5.08482781019497,-0.00238133554278095,4
-0.49199165776604,-4.09478961989373,-0.542047529208926,4
0.248316926827194,-4.98395802628123,0.523467842598212,4
0.497257641944837,-4.91214219389412,0.472206133669846,4
0.811429236724888,-5.18867133744784,0.833330864028883,4
-0.949853384431209,-5.15661353892337,0.438858369175487,4
0.111308464927642,-5.44845362275048,0.211673602161612,4
0.227182236655149,-5.38724106764833,-0.238326455115472,4
0.945726761504554,-5.42252309587821,0.578209120826444,4
0.812742323918768,-5.11450936157505,-0.60468166055665,4
-0.366984076449889,-4.51552041551649,-0.191535157356414,4
0.566014097431211,-5.48790668840479,0.620256068934071,4
-0.70492291422211,-4.98628665753408,1.26300516413525,4
-0.222847665106884,-4.95958423202137,0.624506468650133,4
-0.166828559922453,-5.34449168039319,-0.298083332011153,4
0.313433342777398,-5.78931922945352,0.277972460268167,4
0.550756796434755,-5.19868454074789,-0.227864806313769,4
-0.376838789511037,-4.91373642922987,0.686820429358711,4
0.828946457322022,-4.84111786832277,-0.796641252776332,4
0.113106864396894,-5.80044487306035,0.506467912447634,4
-0.778440127312207,-4.35761623083625,0.471106127624145,4
1.21873971630302,-4.83563710645206,0.294638267043343,4
-0.493938806410132,-4.53440419258635,0.330547194757149,4
0.696855985140694,-4.57272510725267,0.898989764456546,4
-0.351296780123911,-5.13931059648602,0.169136525685459,4
0.0194347630521138,-4.61880986096992,0.983401384212237,4
0.0925443296220766,-5.86107598870048,0.736201681910671,4
0.0292779767181131,-5.82480641286827,0.36352325523476,4
0.220938194204778,-4.88469901332002,-0.288263602882319,4
0.399065349187321,-5.0026460260246,-0.58813454173235,4
-0.441634618401805,-4.53884686419385,-0.547581174607074,4
0.0919586226769993,-4.70526709014436,1.47705319911747,4
0.616625829032107,-5.2639302360488,-0.350504967747636,4
-0.731428170067211,-4.94425782631022,0.0443423648168902,4
-0.407626990296842,-4.863425891843,-0.366255340969007,4
-1.84426006964253,-5.1318032232978,0.00174218956707742,4
-0.219600868029113,-5.02789023503128,-1.12587465822852,4
0.0245342948141776,-5.31733293433769,0.00358050130389016,4
-0.167828264844875,-4.25104387682157,-0.199591618455321,4
-0.267919988794692,-3.53040180940068,0.895516077201683,4
-0.431054026413753,-6.68086145985184,-0.219486372357141,4
0.437632740164377,-6.06753066911413,-0.768069843771302,4
-1.26847350439408,-4.56007831738194,-0.198600794042942,4
-0.010814089099412,-4.23179556922473,-0.620614475685008,4
-0.878911378385255,-3.91268014561261,0.346030632174088,4
-0.564273396554272,-5.48736588600584,-0.647406311150835,4
0.393700040317967,-5.4245792674414,-0.940151193789087,4
0.372607496087867,-4.4904808621198,0.740009715190338,4
0.874408613394708,-5.11406927369268,-0.696344252487137,4
0.339754254842877,-5.43402229061769,-0.219996555025337,4
-0.373501392436773,-5.60847140950084,0.146241158375709,4
-0.514331732917199,-4.80778427698185,0.762523396796752,4
-0.392111635161249,-4.43360545563428,0.615780684837701,4
0.244761278076345,-5.6516039504377,-0.0597698329939846,4
-0.726328979703701,-4.18826496648246,-0.151169327627803,4
0.243412609716095,-5.11524078068139,0.623493638803653,4
0.401262224424841,-5.3375224635933,-0.325310123233688,4
-0.628610595782469,-5.86042246590719,-0.00125730310861928,4
0.911750019172071,-6.05564463424746,0.0942761820906494,4
-0.114544511497436,-5.17540272185441,-0.689858577956983,4
0.0289012460531294,-4.47347265508874,0.378911759987366,4
0.724158148500315,-4.61676944777347,0.636808206679536,4
0.921027854120217,-4.82014313974456,0.103139305963978,4
-0.597245499516648,-4.4313947527656,0.0165167083961095,4
-0.895383246195027,-3.95413580358243,-0.300946883170751,4
1.28513134255009,-4.06973770062123,-0.221752087087498,4
-1.13265860827242,-5.09715817569831,-0.755870753434035,4
0.195992197779824,-4.62333523616276,-0.9235785486436,4
-0.0250448196235124,-4.79083755655601,-0.202743159116469,4
-0.112012731523434,-4.71853580485557,-0.0124505982817986,4
-0.335209825737837,-4.29940847957552,-0.57769488097137,4
0.656159406808595,-4.73241898913824,0.515518365637922,4
0.725993954659211,-4.45100471533387,-0.949509117607187,4
-0.824296023166226,-5.73709194808281,0.164460683605796,4
-0.265414371216302,-4.9737442986856,-0.122434290578196,4
-0.261374929830331,-6.23589827644014,-0.354664805423397,4
-0.0290369111428303,-5.14974227596773,0.312929394579516,4
-1.07213973803845,-4.98306232994784,0.231193366320909,4
0.196242324038114,-5.49194011755444,-0.711584194111229,4
0.036513115198969,-4.41009839187597,-0.555737854924767,4
0.0178140629689329,-4.18793721737521,0.103789471958737,4
0.0265955543189524,-4.82149622513721,0.48909888305917,4
0.829721586807406,-5.70896320434069,0.36224465019024,4
0.360506890265707,-4.71990776886749,-0.305378154598785,4
0.456766623468629,-4.45305924180991,1.37377774916791,4
0.14227570978356,-4.17703439508723,0.408866626189568,4
-0.00359720681134777,-4.99344545632691,0.225587783106025,4
-0.201453908631382,-5.17543602236874,-0.258747353886122,4
1.06632769100748,-4.42893529227378,1.69558263464964,4
-0.364803358063229,-5.07579959377672,0.626330963671166,4
-0.505632331875165,-4.99837659778104,-0.943525922302667,4
-0.158633366155218,-5.14388081975391,-0.474778741105642,4
0.384216359370763,-5.54903983582936,0.996774752688408,4
0.313861332202411,-4.4844835108606,-0.0734495043325391,4
0.185989905374716,-4.5097057385716,-0.423193114521547,4
-0.0674130407433592,-5.99361077612907,0.224353042113908,4
-0.26183809756061,-6.71371968603929,0.112984408484448,4
0.38963891771744,-5.77903710965738,0.250390814577764,4
-0.57522639380068,-6.07540387597639,0.529258984992641,4
0.173182123840508,-4.88254384075343,0.159472796714015,4
-0.0729967843018011,-4.83207014007219,0.821724424529888,4
-0.0640254835773435,-4.76283412737485,-1.38786500116828,4
-1.5807052401482,-4.82102185599766,-0.238960251422262,4
0.315057326687663,-5.06969499309354,0.367920370315145,4
0.685528073110952,-4.9441027387862,-0.0220925731110878,4
-0.322833942689887,-4.80575120086963,0.186451707962855,4
-0.369462287506838,-5.09691916873925,0.21527702503636,4
0.62577238334336,-5.46339563441657,0.791985517652589,4
0.097013580306194,-6.29307557703632,-0.16177008004031,4
-0.271055017326295,-4.44838294809334,0.491393197248528,4
1.00354506864926,-5.82669360203005,0.254662787547977,4
-0.32713399350204,-5.36186094821071,-0.132045827855407,4
-0.212819373082443,-5.08692546443116,0.767851722754099,4
1.17858087252598,-5.94467660799715,0.288455984159637,4
0.798896185407201,-4.58436090649987,0.724561171718099,4
-0.959415720465065,-4.51381920155562,0.129608088750467,4
0.406910546845451,-5.41689353023728,0.124831057440201,4
0.32837525621461,-4.81510251007734,-0.237811661327729,4
-0.355959188098094,-4.8506984220483,0.642521525825689,4
0.415066051763405,-5.32013410021408,-0.606214015351639,4
-0.510382495768318,-4.86212792130399,0.623340253966653,4
-0.956645227891174,-5.46235410814554,-0.527911460499805,4
-0.461583441845999,-4.84737615895981,-0.71164156398961,4
-0.540715204469817,-5.31426434078701,1.18062526941811,4
0.155352051899507,-4.92510716097925,0.859890593915219,4
0.0379487349564897,-4.62986999527537,1.2996396901694,4
0.5131400428567,-4.93828798763771,0.243752768224339,4
0.260963057857593,-6.3434282939461,-0.570888234280964,4
-0.822162514688297,-5.40475552832203,-0.145766849514721,4
0.698321586185717,-5.2374666090981,-0.946970868132123,4
0.475693200370156,-4.88217375604659,0.150940366991618,4
0.375295629697039,-4.59457992070486,0.187446876131036,4
-1.3683486212151,-4.66978007034716,0.735878207106898,4
-0.507315838287422,-5.49557107487281,-1.35982073882772,4
-0.729267284382482,-5.49470521262089,-0.144221918748028,4
-0.207324267365061,-5.54604802368384,-0.549097809617064,4
0.282915479881591,-6.15658664035655,-0.592750701359875,4
-0.430540821801704,-4.49774986612477,-0.262281773484233,4
-0.281879619768863,-5.51373128781595,-0.720737691706984,4
0.644498408555735,-4.75577397376596,0.984765850869117,4
-0.788231324691076,-5.41439918522723,0.753985166076135,4
0.200667088331515,-4.68714544251124,-0.880548644777381,4
0.898586073281833,-5.33318142947331,-0.613021386580484,4
0.286471917579794,-4.46805217723522,-0.700695564183988,4
0.120697304482057,-4.75375791363721,-0.99348431452507,4
-0.416704276495309,-4.21371357535415,0.721221245169337,4
-0.258570654542014,-4.90307686880878,0.446957571139183,4
0.260049031188592,-5.90475142139884,-0.00188755398091012,4
-0.629283061471202,-4.71461799271586,-0.454056294358643,4
-0.0727626964932132,-4.70373108014336,0.464266223694614,4
-0.273638723918295,-4.6268170589305,-0.164324494358575,4
0.411243304327177,-5.27816941991221,0.488932685276012,4
-0.186260032355003,-4.5308457407252,0.595988165442376,4
0.443377085778934,-5.05412409300696,-0.719379820103071,4
0.318911400844857,-5.07334913295593,0.540927121896649,4
0.243724482256953,-5.14384177392568,-0.56258862108012,4
0.314093712910761,-5.6525594654933,0.0508972578598626,4
0.163723937765333,-4.9408397829075,0.208850119524154,4
-0.401718206859233,-6.56144715004067,-0.123178414373891,4
0.0549016484771638,-4.43331354905617,0.21015124354532,4
0.689639096525121,-4.46259073296277,-0.993183405157729,4
0.868694850577973,-4.21941278741782,-0.690986460183264,4
0.7536635200476,-6.19725619312484,0.893124671664633,4
-0.876247275207537,-5.53678123083237,-0.487672358262049,4
0.946064739894749,-4.42967779924938,0.856017537436701,4
-0.478401162560772,-4.7896062694934,0.659407806018862,4
1.2156862056198,-4.57760025112094,0.234834588483951,4
0.568824593604015,-4.25767656425741,-0.758484706242143,4
-0.935177568644133,-4.49681734333527,-0.313555052061626,4
0.133170132357954,-5.58769556394792,0.47434480871135,4
-0.478023797497843,-5.2636323285377,0.391998216178254,4
-0.0411692011596476,-5.17697511683739,0.376663679747492,4
0.098442282533987,-5.06391888309422,-0.263440368911671,4
0.203376480432423,-5.09319565012974,0.100898497578692,4
0.240035422970239,-5.01694098463875,0.0499942233688893,4
0.774340701004223,-4.42678483182675,-0.0863184854697145,4
-0.264536429948669,-5.54402675913229,0.490342338049878,4
-0.402588253117162,-5.4091500695973,0.449587706632822,4
0.830012627477818,-4.81028652243812,0.116827178819624,4
-0.230090243211904,-5.32469449169387,0.889709022575359,4
0.164613731831389,-4.63472712021359,1.11352365810502,4
0.589039635612874,-5.44636408215452,-0.377767179503532,4
0.103368635246648,-5.29994648605829,-0.244880630882316,4
0.677857728326174,-4.69534811531378,0.0217287748570787,4
-0.156785847991406,-4.67727345695656,0.557284386455031,4
-0.647245176803691,-5.49195336408842,1.47138496018704,4
-0.717898303848616,-5.35593032954931,0.144941820215775,4
-0.327876456472163,-5.37814375060988,-0.136638914965147,4
0.244957331114652,-5.09111250281231,0.188077260109087,4
1.32549177636825,-4.88121570571444,0.0524125714523297,4
-0.314821948193391,-5.05037808843099,0.339750997102727,4
0.692889650148576,-4.73810834792133,-0.451349504866767,4
-0.404387904423334,-5.31987998188479,0.57098694519378,4
1.1209254189278,-4.9415064247167,-0.842081516861295,4
0.398805449686106,-5.50760372466197,-0.951716445965451,4
0.0976155326550471,-4.94225133883976,-0.172580902302868,4
0.513448239222097,-4.57508481846802,-1.00538168496285,4
0.184702754755967,-5.64843109312972,0.0283646993584464,4
0.740515725011235,-4.13427837819168,0.959336470724012,4
1.43307415756769,-5.23507507773615,-0.357391391125248,4
0.613191648927581,-5.33429098422449,0.420684198452463,4
-0.412104660294403,-4.55475742846764,-0.25349664323902,4
0.215685460239818,-4.29539958226192,-0.0598833180853463,4
-0.274331538394578,-5.45027162445013,-0.17305054813457,4
-0.544732080547411,-5.16516000897694,-0.833471469832565,4
-0.205105324698857,-3.5814666893207,-1.19037682678295,4
0.142514235560115,-5.29199893131521,-0.974867519319044,4
-0.767027349737458,-5.68563043228903,1.01684664715447,4
-0.600626158581049,-4.66967257052691,0.343684446279889,4
-0.588229784422985,-5.13636923164491,0.25309804101171,4
-0.588727007308056,-5.4241095985392,0.278535044139695,4
-0.362441668632133,-5.67293306629016,-0.274651763836236,4
-0.461059168139708,-5.35721904366189,-0.356485870407329,4
-1.09127863077695,-5.29492255122866,-0.140351698441288,4
0.0779913753858961,-5.46013433637174,-0.694780766780888,4
-0.832382730433095,-5.5654652393613,-0.96261268355292,4
-0.576531670325188,-4.79725818460447,1.37702823464515,4
-0.676473349782639,-4.94937179054585,-0.227646769816229,4
-0.769518022066561,-4.54515463362391,0.495222506941372,4
-1.11469065878083,-4.11695088028458,0.0711586593936547,4
0.735800502182389,-3.33989189518823,0.990267372888921,4
-0.183188270146851,-4.1654899597522,0.370058277472034,4
-0.740516050255753,-5.17204944776883,-0.19387641572012,4
0.469712201263883,-5.23159378540106,-0.409797109294647,4
1.1002735131456,-4.81732288737119,-0.013879896543809,4
-0.41340614086512,-5.0006027663829,0.080891026436315,4
-0.641758690213785,-4.92924497475049,0.0222946347735217,4
-0.0896386062951621,-4.83563295809819,-0.808194421735382,4
-0.185505128640277,-4.97508000955777,0.0716893412585203,4
0.655778427187831,-4.2471502402162,0.174222559448452,4
-0.361067032386575,-5.05749157974909,-0.691996235161114,4
-0.54467359775339,-5.42220126481411,0.113887213375124,4
1.20904126831043,-5.04751966520532,-0.153433490895044,4
0.308344428485298,-5.16471509455551,-1.33081423039893,4
-0.0370771607250302,-5.30287959264985,-1.03618098259499,4
0.256608180573414,-4.38803064119144,-0.213261895175765,4
-0.298685377726727,-4.59390498064083,0.73061580376968,4
0.673357731508439,-5.16525587031103,0.958531184994012,4
-0.732291283762312,-4.48171863044782,0.0391381615862152,4
-0.0475522890218056,-4.93916448173134,-0.735575754710865,4
0.304600975246513,-5.89900146129416,-8.3437287056085e-05,4
0.184886770209952,-5.34352345831255,0.0842409325061759,4
-0.217548736469459,-4.59607781665262,-0.607291325466108,4
0.236096874628105,-4.94040920849062,0.307177140764037,4
-0.901383974397687,-5.29806554454549,-0.042672516558577,4
0.62485857701823,-5.25215475903783,0.419574278851336,4
-0.0836781772226776,-5.42897853120888,-0.0709766825094788,4
-0.325649187205821,-5.38652881593743,-0.604741107823304,4
-0.909686051459669,-5.05984286985831,0.0423634074313568,4
0.0277917556959595,-4.89394771918503,0.214963778174309,4
0.739926668059187,-5.23416147731827,-0.649463659413834,4
-0.864936270448046,-5.65167035107825,0.37322127773385,4
0.594423513717222,-5.55974684820896,-0.0387588807741102,4
0.77276770143635,-4.52363779417232,0.127068994711682,4
0.505479395916558,-5.77199487056316,-0.477879404166338,4
-0.776318960294488,-4.45384228340532,0.213083654985731,4
0.659046490745825,-5.08945936059552,0.141307743192313,4
0.0609733130875956,-5.38925301496574,0.511092147191346,4
-0.250195902908371,-5.49918337990915,-0.218290964010404,4
-0.807689260949477,-4.3578971460067,0.089817395625323,4
0.359828148056998,-4.7985331057145,-0.916883568660686,4
-0.653733618622488,-4.61935069905581,0.485797688993413,4
-0.0786714138091326,-5.23813853743291,-0.31915856755063,4
-0.0675916478455609,-5.21927923138256,0.0195832000137294,4
0.210859709238881,-4.72647371581288,-1.11412427887801,4
-0.438263736450197,-4.95671755198474,-0.0804626838696697,4
0.217172694406405,-3.90106324516365,0.0247321245992729,4
0.397713751734157,-5.4553407246693,0.0974786350056445,4
0.0245861125033978,-4.43392212777429,0.142837928835072,4
0.501890254099249,-4.64219364832118,-0.173349168540767,4
1.09677516024402,-5.33765292715645,-0.943252354729548,4
-0.293154765035171,-4.91815230206992,-0.420282602529143,4
-0.157835590753306,-4.37683870530085,0.112156857487077,4
-0.212969516339836,-4.63565631808215,-0.238649297530012,4
-0.830629822383903,-4.91717602518614,0.277816801154749,4
-0.240968592291481,-5.07959003479905,0.643883185782825,4
0.44197550604768,-5.14680584188964,1.02959574623303,4
0.00411837896488441,-4.27815996950458,-0.978524307942852,4
0.330752783332672,-5.48966274943149,-0.232299729603832,4
-0.318188062464455,-4.27516255879699,0.0979450202268174,4
0.250743967952628,-5.49347216612749,0.979365480852931,4
-0.543576638689226,-6.0190515270615,-0.490988949115068,4
0.815565201062572,-5.06810261875259,0.113230254051117,4
-0.222153719602757,-4.12796694485096,-0.219179267322679,4
-0.229619349347841,-4.81577326889643,1.33548652847347,4
-0.717284473531103,-4.88588411760092,0.0319275840998707,4
0.0600479874662103,-6.04646137830545,0.36641013936424,4
0.160496028421344,-4.93279097302091,0.345564447756036,4
-0.810178705225932,-4.83326251622416,0.140088120663078,4
-0.296807542727862,-5.57257663352365,0.190655312723424,4
-0.0793521517204838,-4.88992114623947,0.522603075114116,4
0.331847227301967,-5.45151181262636,0.317248302820876,4
-0.10520937336231,-5.94271535748287,-0.366362520368758,4
-0.170029349289508,-4.40953168934044,0.815809157989621,4
-0.36108402199471,-5.98701474443362,0.237019201455813,4
0.297798797357942,-4.86912364832729,0.80708682276105,4
-0.255237399247192,-5.18948847201333,0.586776551343391,4
-0.135528452017443,-5.04498624531464,-0.0627236242810748,4
0.0968423008498494,-5.00135410962865,0.210769273940064,4
0.538472056822391,-4.9354746711013,0.0173195743677565,4
0.16274284778743,-4.15967120329594,-0.00914096652843027,4
1.02199954833301,-4.72150201735871,-0.115913975653639,4
0.795117247800817,-5.50849378828946,0.860299482236699,4
-0.455147154403144,-4.96828252762478,-0.18692097272068,4
0.829098005353848,-4.84731679527332,1.13447554792783,4
-0.249754641884877,-4.17651188614532,-0.0812928192917489,4
-0.165019036436464,-6.12316801481209,0.243842809506175,4
-0.864862173106467,-5.22998072824367,-0.747971872285945,4
-0.491927091022332,-5.32604316107493,0.237019850706261,4
0.326259539967042,-4.086391097483,-0.980556072732823,4
0.645603892163613,-4.6788804075888,0.581672517947085,4
-1.00926709254732,-5.37167411762913,-0.419837961047142,4
0.876008560662238,-4.50595452589945,-0.561303958446995,4
0.763556450386934,-4.02939046527828,-0.170861091008892,4
0.9137365349783,-5.88898332296062,0.0188182453138973,4
-0.490978013708891,-5.36359737424354,-1.11141469367579,4
-0.261810372404604,-5.29183940333442,-0.109112219053284,4
0.159199284503677,-4.85674074986162,0.11659648661621,4
0.0851408580281667,-4.79699712499575,-1.07976255635372,4
-0.16879087572163,-4.8341926867599,0.155152085285433,4
-0.102417898886673,-4.86033551278199,-0.20442900084666,4
-1.28813173306068,-6.15906775997738,0.435323715224621,4
0.431777462124121,-4.84636925806774,0.0951423139752887,4
-0.268372660313093,-3.96902348003004,0.0418235550682512,4
-0.231644372240269,-5.68626778352336,0.746937750618244,4
-0.455733428197958,-4.95624200042664,1.03478223125728,4
0.5501354261261,-5.57903997260128,-0.238297926837941,4
0.319482577068755,-5.29807140130868,-0.52575458902344,4
0.463454051444772,-5.4565161781242,1.06308728849434,4
-0.288527585240435,-5.22007268759218,0.385695120208972,4
0.574930304145618,-5.60286530082899,0.402014025380812,4
0.451108977578046,-4.84180369602977,-0.760963782992985,4
0.0598491022360949,-5.22410150732963,0.0205357581275262,4
0.679583678479205,-4.23465945870967,0.261456616818466,4
0.367575652297453,-5.17112877260159,0.985917590633024,4
0.261657568956429,-5.34689172757914,-0.580392421014431,4
-0.325022255436458,-4.73538678320435,-0.104652802867002,4
0.48346906814802,-1.19113597863151,0.178394187296327,5
-0.230527534458141,0.564994805551259,-0.242605033520861,5
0.584522777483644,-0.139406480053793,-0.0793786877330663,5
-0.0609973366913581,0.668870350154289,0.222078813308951,5
0.0102826276402132,0.0540875093439365,-0.228009140260418,5
0.146445127337567,-0.0698664726251419,-0.95051360240592,5
0.266069825620647,-0.289070813970568,-0.1903673541434,5
0.0844466072709099,-0.0834678601228896,0.29922499163853,5
0.196386921827368,0.253064024064574,0.442557457295333,5
0.392787488964388,-0.782996630655094,0.320696327306382,5
0.291823774346561,1.07047195794698,-0.15135393846133,5
-0.324198718384039,0.0557784703557186,-1.0066014914787,5
0.566211095598328,0.619303986681308,0.106525616493091,5
0.0362944932802569,-0.276017495217937,0.0695196077224067,5
0.0642876222068832,0.162727282931315,-0.725371531137136,5
0.871195292982916,0.476690213631169,-0.401644639866514,5
0.937541758518546,-0.346527434197629,-0.141717932685883,5
1.05374889658938,0.268084705357722,-0.807763058730017,5
-0.913685901428345,-0.0833483853398144,-0.570055257722635,5
0.464627790036758,-0.355395606416643,0.965270908396202,5
-0.611989305335029,0.795495056381511,-0.0479733532378966,5
-0.720695926220993,-0.0468399246756453,0.0959669962817518,5
0.248534666507609,-0.401266078970884,0.243381880340405,5
-0.181964459012265,-0.0458300682108145,-0.176917786571792,5
-0.361351465589442,-0.172043131249578,-0.237477957261646,5
0.440068170729993,0.546250733568868,-1.26371281873358,5
-0.103191868062669,-0.288193894575661,0.749656021375521,5
-0.426517753613784,-0.530365411948425,-0.187118761707651,5
-0.451641771625142,0.0838838401403434,0.270474756109761,5
-0.166299566781179,0.0434891261663796,0.0653744628107377,5
-0.623601266305131,-0.432428369844212,-0.880181480745296,5
-0.362875923110215,0.451265831237406,0.492169098514586,5
0.0244420795185229,-0.951176734820147,-0.728403337594073,5
-0.516647350476796,0.137539819421732,0.100909173888122,5
0.130340899942771,0.824249602558281,-0.00556391883465921,5
-0.907096307840238,-0.636016453365307,-0.452418494878344,5
0.57995565569815,-0.676378497149969,-0.449916478664195,5
0.695656493982246,0.355279805667954,-0.0184329363943389,5
-0.355949518463468,0.151493679663295,-0.480108192371566,5
0.39973355607926,-0.31405590075181,0.416683534079301,5
-0.392274586335103,-0.325029083908131,-0.40953904065454,5
-0.560418857062584,-0.117982132553233,0.266362389980748,5
0.551419846434595,-0.104509712777605,-0.0478574558567693,5
0.216822020928073,-0.208862042476564,0.5935524458689,5
-0.734593630078987,0.204824515077299,0.661737512731415,5
-0.928277397873617,-0.96996476083985,0.688616005690734,5
-0.0308498986144036,0.673769574118088,-0.423530336404777,5
0.142593291476728,0.538243482564831,-0.737092997760761,5
0.0500419638450017,0.352425394090614,0.501761325100055,5
0.0366144792444597,0.00173275810091309,0.748869265340319,5
0.718585789055282,-0.471366374818626,0.00473810717561345,5
0.739018421048579,0.448245589131223,0.773867868257863,5
0.393622104156466,-0.284348341689693,-0.0591109657948566,5
-0.333877005100918,0.198044052203134,-0.533696325249371,5
0.360750731829392,-0.323706910985914,-0.300444601917888,5
0.0438758667086445,0.623933677376323,0.486153400162339,5
-0.366566561051982,-0.988857851755028,0.518606542455906,5
-0.418353397373258,-0.071127205230266,0.00555440180533345,5
0.266981888079358,1.20686331203406,-0.549795687613936,5
0.103522709027841,-0.257916387749395,-0.314576626025897,5
-0.312801070438982,0.18039720037536,-0.271637761138547,5
0.419408478291332,0.769775102034582,-0.731022799458706,5
-1.27213050193004,-1.07447392912739,-0.904522457768847,5
-0.186991715685217,-0.57938052130736,-0.422054203573168,5
0.188272246406866,0.363733615996732,-0.216387355913584,5
0.327056508857821,-0.0416864024434253,-0.837172431480817,5
-0.264612753938875,0.803989396635014,-0.520552138914359,5
-1.24534881871441,0.00738530071522059,-0.702194655001222,5
0.297743905141782,-0.00974696641280782,-0.529138429209296,5
-0.183426328277429,-0.7114444336289,0.486936005154367,5
0.0335227320993603,-0.311279865693479,0.677238377191565,5
-1.3227225049804,-0.16370975228488,0.188182042744146,5
-0.014618490124115,-0.919845332493758,0.0121443823306856,5
-0.780245493618903,-0.22353162870667,-0.41388844625333,5
-0.448773814088085,-1.02767041549283,0.274931276804725,5
-0.968792169016409,-0.87679794114048,0.760554065788673,5
-1.11964376320464,0.276517036690225,-0.278108734585592,5
-0.781804129007913,0.699371695146235,0.147019187599605,5
-0.0644314410645976,-0.524349280806076,1.45229539955984,5
-0.669316806883882,-1.20589825076432,0.15501853217159,5
-0.0677542210474239,0.248407316888281,-0.701749194060994,5
-0.157676838111562,0.22856874105841,0.69882895902662,5
-0.177034249072248,0.840578337292784,0.833913716785974,5
0.032465051433109,0.279008493710876,-0.821680103179063,5
-0.639017818979331,0.0677665940454587,0.493872986659583,5
0.460700022900673,0.98793825508654,0.139130340574939,5
-0.120622935462251,0.113143973212952,0.250387426361267,5
0.493691081591982,1.0067173484469,-0.192426634216393,5
-1.16362240310656,-0.610277650641202,-0.421188962728398,5
0.340925829845371,-0.460145467580688,0.204380824615795,5
-0.101497221741109,-0.0669386179361068,-0.0632140565908981,5
-0.340349090487896,-0.155188264112697,-0.349478335924832,5
0.224759345196815,-0.182799417279649,-1.22642951288879,5
0.667574432288642,0.228331484732357,-0.0471274601871802,5
-0.48352239438356,0.37297124413364,-0.513115647367021,5
0.49785173814026,-0.955182332089772,-0.231725250640338,5
-0.693025621599423,0.395817336295167,-0.131827818865814,5
-0.809747270764745,-0.654780414005481,0.290770594057516,5
-1.60839745790821,0.46048407133778,-0.23608294805373,5
-0.699665495655213,0.223336485418594,0.0566788775679764,5
-0.284487351675903,0.651121545972199,0.124247582006583,5
0.131646651446372,-0.312681146054829,-0.368015916437595,5
-0.511715187567848,0.486283612221654,-0.169971202936587,5
0.31067423348941,-0.26875899681259,-0.451996437878998,5
0.881132262913753,-0.194574203789923,0.327413714749867,5
0.22495891486639,0.321675149298096,0.953468550519396,5
0.0572742445210691,0.900939916392399,0.27617026762524,5
0.357422840155574,-1.01394398568453,0.935714544515778,5
-0.833265253479103,0.0473225622190636,0.37991926815032,5
-0.0837874056884921,0.128156027485002,0.476256975840894,5
0.016476853159536,0.0328266381640754,0.896620091897734,5
0.521011933296492,-0.248750682503321,0.00845908496399956,5
-0.179700859661084,0.22346809493361,0.218068517230354,5
-0.63138431081146,0.495355531141305,-0.515996214768902,5
-0.0226667925624743,0.317439101753339,-0.422514239824088,5
-0.252012911099781,-0.322997973334808,0.0576112813597937,5
1.07490390663384,0.182164710289939,-0.802466780330855,5
0.2362228897715,-0.108381673092029,-0.434465482829633,5
-0.655514648020358,0.766534751081039,0.734579964947855,5
0.0397659865052984,0.530289007641843,0.496715343190448,5
-0.133175105362201,-0.487732854182978,0.308146038087588,5
-0.0669882464090917,-0.0151295720295872,-0.242141666042458,5
-0.297188563599824,0.0451629009025777,-0.3213816116778,5
0.885285678328589,0.715579222671559,-0.355988080156038,5
0.0650790498401065,0.36354217670962,0.115040351109373,5
0.122340947798601,0.66499749845195,-0.279776055766712,5
0.603740428860724,-0.161514270695308,-0.270032981081088,5
0.478235722437973,0.0681958875165326,0.307393265249518,5
-0.550130389386501,-0.444366976590148,0.258970388193821,5
0.514310814990909,0.0578380545336824,-0.118247781772037,5
-0.943562233996267,-1.5473169256534,1.18930915539087,5
0.320620869232091,-0.245879032284187,-0.720223236942114,5
-0.246497452471299,-0.0119993697703873,-0.0599615502615279,5
-0.744549026015867,1.32471601393,-0.458828292539196,5
0.277984837302816,-0.946997910169033,0.603147761635432,5
-0.224551718947157,-0.702261102194707,0.602046382561202,5
0.381180740618267,-0.280742083574307,-0.0445550600348327,5
-0.179803338861917,0.130715190973934,-0.014944437122639,5
0.732522921579887,0.258111233109973,0.444231341837086,5
-0.65017770678243,0.376722348312462,-0.131107510092555,5
-0.772796992248463,0.437204621355572,-0.553435312846531,5
0.0892188808604523,1.00541940908105,0.305372725757418,5
0.0150563869364747,-0.24592213108672,-0.210900849397734,5
-0.240106766296277,-1.03003445792575,-0.373462779077521,5
0.88380774791167,-0.740337449092677,-0.351442080767716,5
0.260872547342951,-0.27442627421232,0.637762516744174,5
0.0983973368553212,-0.35133925922094,0.588920380571089,5
-0.358334764550983,-1.00036132891821,-0.685560142568877,5
-0.443751623992197,0.438618971712375,2.29419536332212,5
-0.488743011789774,-0.431566817639104,0.548459295915749,5
0.170788467873787,-0.516004111222617,0.201521985833213,5
0.13553837672066,0.563486473011573,-0.400097313049279,5
0.369502720192162,0.136961222426904,0.222531970770709,5
0.138513366579338,0.918994165774771,-0.417725338405807,5
0.37922789571976,0.0020937504356569,0.640206846724422,5
0.450445870879243,0.366457592427129,-0.233130072313665,5
0.320346106370747,-0.0075372896771665,0.702982091184979,5
0.51918541503259,0.316293698575889,0.0644122846103955,5
-0.28266968343311,0.711940000436403,-0.0606486413146464,5
0.241792778897684,0.946184305894151,0.0772138882616446,5
0.292914501320259,-0.301430725155048,0.110978266274051,5
0.331599450392903,0.799277298902861,0.551869914854222,5
0.345113537909954,0.551486136712437,0.271548692198489,5
0.00169933019818243,0.0682740566285829,-0.915451629992785,5
-1.00957039243012,0.746426138560212,-0.0285364557303329,5
-0.42471308213249,0.0928054806920668,-0.0588412215507963,5
0.714884867185188,-0.684310646039973,0.584906894635242,5
-0.217100331171338,0.535143263044594,-0.426029789161069,5
-0.369064816673435,-0.0258598315168904,-0.554757904972409,5
-0.872812237868536,-0.0670253082647325,0.00143602691035098,5
0.323096763422638,-0.244692418923566,-0.000720201612158067,5
0.209599828822602,0.482969927499869,0.486250378697755,5
-0.312602533224991,-0.655415754137486,-0.013142327482186,5
-0.326829054953627,-0.530262060443535,0.297963981001725,5
-0.859027195120433,0.308572106798314,0.222335443757913,5
-0.106049174756823,-0.579493116325572,-0.465592107479015,5
-0.731771770028025,1.06252032825902,0.626777937707232,5
-0.831914308982601,-0.0847545518356079,0.424701136430277,5
-0.531752776728931,0.423933531631401,-0.125817077981322,5
0.664793945165014,0.565099146820236,-0.032046678944376,5
0.419194856033733,0.734576258900194,0.0135620470621729,5
-0.546063571003365,1.00970558324066,-0.0796886192307672,5
-0.659126545937779,-0.630359697548214,0.0679678374939132,5
0.147012884202171,-0.392439179426933,0.23575206272349,5
0.390488501600936,0.206096582059464,0.652741808763569,5
0.367692862376339,0.197491897192532,-0.550972440882735,5
-0.286618761970823,-0.147111268501768,-0.369208375757416,5
1.25143253605485,0.505328554606723,-0.50658885767015,5
0.272096452959584,-0.726300265595035,0.414706735334229,5
-0.823749683330167,-0.0687795736096551,-0.477034264304988,5
-0.742553999045884,-0.113590249025165,0.169748544687617,5
0.294994503094533,0.775616948292531,-0.182651635407547,5
-0.515419296475881,1.00365620780274,0.121070720455728,5
0.0407279129525888,0.892641477111467,0.864489646106247,5
-0.624865585548683,1.13801800958099,-0.765520880964256,5
-0.0390021097933491,0.351166344163558,1.42510944217415,5
-0.58154775438419,-1.22854151730697,0.267610527225419,5
0.124366417375342,-0.654138340494335,-0.158735783104635,5
-0.0419346616454841,0.250264763397871,-0.720499798206773,5
-0.144554249026627,-0.48177973878509,0.435965644766545,5
1.40812684153903,-0.194315076082133,-0.32039067445044,5
-0.234853267698372,-0.163105692975367,-0.333034564708858,5
0.303084584371874,1.22797007191195,-0.805953705397637,5
0.951044255925167,-0.338123675564142,-0.0203932010323377,5
-0.530780200887409,0.434095349744337,0.656413179308403,5
0.744207048234432,0.267396492034868,0.841164623143178,5
0.503620164991537,-0.30967345735732,0.660311477960227,5
-0.438133830558059,-0.137582571782735,0.259731910354689,5
0.381927609990194,0.554997754604248,0.139873407993851,5
-0.524248939206887,0.228140263669434,0.275731520296454,5
-0.0248323206456468,-0.945116825144906,-0.193518401254807,5
0.402533056857268,-0.286844604764668,0.761842462031366,5
-0.0387101668465647,0.0768312562552609,0.629851071647476,5
-0.464383279389872,0.53347017944802,0.888624046068795,5
0.0413164867533921,-8.07315273432855e-05,-0.30270657450916,5
-0.398258241386695,-0.318285641854986,0.724542170251712,5
-0.208948906337358,0.116867078387115,-0.272713822895242,5
0.291967130758889,-0.267095702771112,0.161022067513172,5
0.354469857843793,0.0432912664584949,0.492130852776895,5
1.04607889150076,-1.77515889063833,-0.0948815669601503,5
-0.574640884383266,0.63943291861809,-0.399461193171937,5
0.433928407844461,-0.362940050607538,0.326689494540709,5
0.0415979610994877,-1.00805424683799,0.927622947538096,5
0.261604623426228,-1.84636595820201,-0.548224327254236,5
0.172692537981757,0.278743939914288,0.0772718663049491,5
0.610181019369603,0.423363899590478,0.0927842021150162,5
-1.19703485852725,0.0405324707125646,0.769023933509551,5
0.735846668699729,0.637622523666093,-0.577220240973185,5
-0.133430687541309,-0.329159942155505,0.0723328593364657,5
0.0167746201763568,-0.140464032111229,-0.808966816854973,5
-0.383013901194218,1.57962844579792,-0.457777325997657,5
0.52414484453595,-0.257038867667201,-0.419314993115,5
0.136023485816384,0.0812195779191027,0.533828876838381,5
-0.308525482344523,-0.122380895704167,0.707600162793274,5
-0.0415666069204542,-0.217838569495191,0.165544353993718,5
0.82434259628081,0.36182370348852,-0.787476570104184,5
-0.133029092155977,-0.924101837569688,0.37579967281908,5
-0.363187126755031,0.395137326742547,0.0983348239316292,5
0.264601014375907,-0.30110694225722,0.25072382937028,5
-0.390497664677505,-0.477621771164398,0.258912178513394,5
-0.0686662846933087,0.229550083816567,-0.686709341663252,5
-0.634787947952303,0.818565888714055,-0.945640416068398,5
0.382119766176705,-0.299983237939799,0.193843452696889,5
-0.475970453402733,0.158891895046174,-0.199013285328596,5
0.819013574746326,-0.270933378175481,0.196942574631444,5
-0.37981298483154,-0.709748641586354,-0.178774623472188,5
-0.478796088957223,0.14377855910786,-0.318219359435562,5
0.925116840091598,-0.0013217974671329,0.270797793285379,5
-1.29322073892542,0.614535148318838,-0.646007763028506,5
-0.542328261298774,0.195418750049313,0.743278716559799,5
-0.425369809020193,-0.0704294493375258,-0.088413204741869,5
0.729367230670593,-0.0157149288584281,0.451967692326489,5
-0.610315297913863,-0.231852301465065,0.389748874628601,5
0.123131381141489,0.0616611205498105,0.272773559983429,5
-0.385581700328682,-0.569038273130301,-0.553994802618578,5
-0.0381981070934908,-0.693957215288269,0.00989717806764133,5
0.840689990908618,-0.195060770370587,0.332115963058255,5
0.231693140794293,1.13970564309262,0.529383451674583,5
1.22580141494239,0.183502172087919,-0.110398339709528,5
-0.411951581948319,0.0194659026379104,0.951428385807876,5
0.0685381208583984,-0.178781596403721,0.353106733706748,5
-0.283593482607504,0.466527907226193,0.472016879454384,5
-0.353739781482709,-0.225398212660242,0.766013591285746,5
-0.597965539420494,-0.593486354336797,-0.368883240152716,5
0.150024398367375,0.521827108296464,-0.302342611310455,5
-0.070405066385467,0.316363312138771,-0.257559478905877,5
0.761409264338035,1.44213234580214,-0.482055012896109,5
0.158708409174346,-1.03163420843465,0.0323718823419469,5
-0.712235022746631,1.09755977670819,0.000861924163795043,5
0.0127945441456852,-0.0456651287695134,0.30150306483607,5
-0.0609391207339408,0.552549280299555,-0.12508773614736,5
-0.317609312144596,-0.117662619351622,-0.0988413667317192,5
-0.941516664022262,-0.52331813723088,0.891134775547032,5
-0.472893307040839,-0.19986253277806,0.0798656460130598,5
0.0936353198459273,0.565797898728535,1.0453277239979,5
0.338751560963347,-0.443906969826971,0.891587668827055,5
0.308055810887099,0.351079258287021,0.319876942630613,5
-0.769506733525638,1.22957466405519,-0.117057157202444,5
-0.0501462939172396,-0.28405568873565,0.243439129485125,5
-0.474533963779864,-0.148357189880013,0.176935630391908,5
0.78787773537535,-0.0317481320691269,-1.04157247779135,5
-1.32719197962545,0.231822919655233,0.606443151577263,5
0.0959455577755264,-0.134880570458583,-0.120131303005003,5
0.0959053060914218,-0.245983115312205,0.345200114584303,5
0.256539307899199,-0.179470233956471,-0.00210938186610438,5
0.407870442538282,-0.592811748927951,0.537927311817703,5
-1.38253582859038,-0.647583763820797,-0.465376074829627,5
-0.713711558335018,-0.637340366759231,-0.394819228176593,5
-0.158602630785464,0.74584744900809,0.502572294576395,5
-0.52129683319614,0.223468063863263,0.128932071521443,5
0.420637040162459,0.718018557823827,-0.043014488177902,5
0.0499218807544492,0.515720103470089,0.0139895855190669,5
0.0825248840659499,0.334653198838576,-0.281486929947043,5
-0.684446687090934,-0.261425078891029,-0.504139220850517,5
0.511260707010105,0.178348569302373,0.458691850846189,5
-1.11735262458537,0.609663677094923,-0.196652699666547,5
0.372089988107513,-1.04862685925914,0.30796673233419,5
0.558408765935342,0.333095226984487,-0.602731804762348,5
-0.0443946448975351,0.703036060405339,-0.865607275009838,5
-0.186841266258325,0.014064132495369,0.570966217871842,5
-1.06093218007049,0.320663490221802,-0.5417529988331,5
0.25626790001171,0.311423656132269,-0.00282471515090935,5
-0.026230037704062,-0.238534001310231,-0.871553727748376,5
0.00500564791751279,0.167788137615127,0.495311342181569,5
-0.772996981553989,0.0799874200797479,0.0445990427931028,5
-0.403931498679184,-1.09644370079389,0.833011364882531,5
0.0349934383634344,-0.218855323128694,-0.59378819697465,5
0.301338050280188,0.230252600912409,-0.424851911928497,5
-0.977321340423876,0.284652947272096,-0.088627408592509,5
0.532840704115292,0.587734173899016,-0.0149924804270016,5
-1.34812980784538,-0.00807524757800211,0.137663325527825,5
0.474353393994801,0.80669543342485,-0.654026175009927,5
-0.251180318189582,-0.562265021537377,-0.19268504919874,5
-0.440044006285062,0.470266446445852,-0.511443730194139,5
-0.167375659918572,0.124042777561782,0.148808384189376,5
0.438424614030098,-0.911361861794473,-0.154643558813919,5
-0.154273414719894,0.236644940037712,-0.19805740952027,5
-0.23835727550022,-1.68765093551698,-0.246250348578525,5
-0.4974692391363,0.573415220209733,0.138547998523423,5
0.0466354542043022,0.0743099305136704,0.436227168418221,5
0.347403082607951,0.306166315990495,0.706737659161054,5
-1.01845137326028,1.01280561893169,-0.272775933689808,5
-0.23704224625734,0.335621937050312,-0.708007621835145,5
-0.953147456113076,0.525845473880793,-0.231785357240516,5
1.35957485319952,-0.0340281973738458,0.0707779710419673,5
0.121528929917847,-0.402483455462006,1.00699893321835,5
0.132310056524567,0.0447644758587767,-0.106903473865154,5
0.68408248008879,-0.433953492910366,0.145354758928941,5
-0.59040011235368,-0.011827189512726,-0.0315226588198645,5
-0.0557106174641186,0.297252465295286,0.435661525745,5
0.400390631412839,-0.100237360489809,0.763080321622216,5
0.169616948315247,-0.525037872181292,0.329204905013105,5
0.330505591116025,0.280500837491648,0.664182309239663,5
1.09915444863964,-0.479123264398426,0.412870993742961,5
-0.706442595228477,1.10464736265713,-0.242515373076412,5
-0.397916715977336,-0.336301330266375,-1.09978320081269,5
-0.0238359778542529,0.047735446760289,0.475725235082669,5
0.265090386675474,1.51634351411257,0.085322608675973,5
0.808757219577468,0.851273974134865,-0.108745530036082,5
-0.692976236205464,-0.49876592974304,0.111434677589873,5
-0.160908476934546,0.477586836788989,0.0722541182878993,5
-0.512892762269024,0.118656177452773,-0.190276966640202,5
-0.280446636543433,-0.211072002605567,-0.350961286516933,5
-0.630713757248425,0.277837570094381,-0.0742700568115434,5
0.366043697510252,0.0311487231680825,0.714074048580687,5
0.400457840729413,0.00142973465592651,-0.74685720479461,5
0.693073630396287,0.25950478216471,0.370788958715935,5
-0.361230469039295,-0.934450468386154,0.768498715789244,5
0.0939617773642135,0.556842085219441,0.589265717011542,5
-0.0952936061535655,0.546891621438194,0.401620142998339,5
-0.237304068703277,-0.130727994419358,-1.00673729325853,5
-0.640992386042876,0.139406993374764,0.492742131356978,5
-0.271789384461824,-1.02054994430867,-0.349513757529868,5
0.415585014876725,0.34586468384506,-0.195655587166558,5
-0.394149092345808,0.511533178407962,0.369620112717477,5
-0.355665429992487,-0.118521864923958,-0.103514824342062,5
-0.279230976618637,-0.044695070253783,-1.12440113430219,5
-0.0978458857563484,0.531160033486022,0.270182316751686,5
-0.193972914190356,0.371412563617304,0.420260506216597,5
0.58966673523772,0.0600341522959882,0.708974278533906,5
-0.401361905845976,-0.585572409581593,-0.236563052014625,5
0.0470056744678279,-0.505678073533371,-0.705437243936781,5
-0.326261691985299,0.269063889750447,0.180021349148711,5
-0.572392065306792,-0.293200428077367,0.261021433232175,5
0.804003329108508,0.151651019844555,-1.19689451507342,5
0.277821465069712,-0.16462177191285,-0.20462941707161,5
-0.0202349181261061,-0.0788133449591647,-0.0991748970786966,5
-0.672455776096652,0.463381847315202,-0.408872093621839,5
-0.271351819650751,0.466800096843142,1.00670375186468,5
-0.425967798975485,0.854118897416371,-0.143626881336712,5
0.669429393751329,-0.380348293993608,-0.570641060634425,5
0.540912501329946,0.011366356347129,0.399304782228294,5
0.090645998869218,0.0264733606836182,-1.33549276374928,5
1.20055991510365,-0.518641844608802,0.41291301866318,5
0.942406617608983,-0.509012892150062,-0.459030309755894,5
-0.281253270169072,-0.332986383573686,0.737885643793284,5
-1.13175882189593,-0.0321009485612779,-0.285424436319634,5
0.338084797073298,-0.297097460889094,0.724878267242272,5
0.0320100946380764,0.327070483761671,-0.053100079088431,5
-0.37380157935441,0.00569827358823424,0.0623757973112203,5
0.217510860782392,-0.46780388705586,0.612913061443835,5
-0.541151207757456,-0.704653018735126,-0.816952800681793,5
-0.154404060020224,0.140733203741938,0.144949133763681,5
-0.487323708915403,0.160729169269792,-1.2328495352601,5
0.0599330555922942,0.0652287409569785,0.240908073099382,5
1.31446321562631,0.113490089991934,-0.396589439430592,5
-0.155375385691795,0.353064362229989,-0.0953485239481212,5
-0.272903321900098,0.131622332608657,0.939494125990335,5
0.0439698629031706,-0.218036995587352,0.0679950065364963,5
0.017968644866828,0.0865894660475885,-0.00103590333418996,5
0.318376952519363,1.21551869068815,0.0976854511905886,5
0.52774421297875,-1.15773568299449,0.683426356139864,5
-1.28976622688725,0.132571516772636,-0.419598758535826,5
-0.0112275325336107,0.587938786286137,-1.00983046039428,5
0.0876691773598537,-0.647512641454535,0.542201610564339,5
-0.700027898226498,-0.786802077505409,-0.200505918890857,5
0.217523562974039,0.242113860251442,0.31127799873838,5
-0.292837881271713,-0.156164510621738,-1.28816483538293,5
1.17523460882984,0.51257430121366,0.385153786423422,5
0.817372289667391,-0.46495185824999,0.843011974371674,5
-0.51036930565671,0.0774111925629144,0.550628266033438,5
-0.119019604355307,-0.255018569443888,-0.0971049026743604,5
-0.225688394142469,-0.250814774514193,-0.663167900659773,5
0.477829103434778,0.249123194888268,-0.497967506972004,5
0.932703342001831,-0.229741197325387,0.484703806675489,5
0.626393410490461,-0.4860728639055,-0.0130010929911585,5
-0.420322632744099,0.514358003448284,-0.504267309293742,5
-0.832789585458084,-0.177253525102315,0.301743356019837,5
-0.555141640595037,0.0175799523820838,0.971358756373635,5
-0.596671151992066,0.00266186080659701,-0.228094249666118,5
-0.629603104390453,0.312833463039855,1.04548251788437,5
-1.00670182513702,-0.149971392014196,-0.257704683150962,5
-0.184868822080391,0.819094962963138,0.851492140056088,5
0.578129753477438,0.374230452060937,-0.156592667077604,5
0.179163279044008,-0.552415256257672,0.0424622716009216,5
-1.3770115620186,0.623383155472644,-0.299575465527936,5
-0.00250740382839112,0.435954520710632,-0.137055706500805,5
0.2682753106297,0.633182888673311,0.520641823567301,5
0.531193421477989,0.227962716938222,0.32096878145128,5
-0.0307543481527778,0.234031339408006,-0.475365472225578,5
0.140223463483314,0.906958545863838,-0.567935338657469,5
0.1812636870753,0.611584505907293,0.0569944587994131,5
0.591987149974487,0.319613091725633,-0.441952302660945,5
-0.478277664468849,0.345759563360242,0.268944508468767,5
1.06434092532759,-0.0940358390167251,0.526245515920456,5
-0.905715800170058,0.190356178777051,-0.903321654652602,5
0.295202685323979,0.195292915953484,0.369638528225901,5
-0.600914829801106,-0.0113743638730663,-0.328212848901154,5
0.567849140745403,0.256465679416196,0.383776250078916,5
1.15716645583286,0.310921737135903,0.452969659199562,5
-0.610602362097168,0.140722215382042,0.115115057097636,5
-0.437997703955242,-0.399277327030179,-0.359972549630831,5
-0.359921540161618,1.09412852484692,0.0711276393627072,5
-0.292409313273684,0.302294411250566,-0.377431714635674,5
-0.419134139557305,-0.34410374776223,0.915735911584901,5
-0.556210619870553,-0.0331667990511687,1.00281077980792,5
0.260777004830015,-0.609045213711524,0.571651883033207,5
0.26086537100269,-0.548688369447981,0.83818039532372,5
0.509923582488388,-0.590679114168717,-0.273991967634377,5
0.76916783454039,0.136919155975282,0.321166001919988,5
-0.0494156246441165,-0.700831458610485,0.383077295246591,5
-0.864146342755467,-0.424605556320896,0.706856457450348,5
0.559264389181131,0.626711238395289,-0.805148099699861,5
0.00463927327291228,-0.0828023282053794,0.636171340330917,5
-0.505204765899457,0.496891693933643,-0.015278101514056,5
0.0397886511938684,-0.102576120333809,-0.0496410227093103,5
-0.737711327259515,0.540220022710552,0.181234141596118,5
0.126393320348563,-0.550151556717717,-0.167660453753705,5
-0.204883619710052,0.806947334353363,0.0565837051214038,5
0.695013460012709,0.198303532875717,0.27332337159448,5
0.00516135302474837,-0.0962111667456028,-0.213944296875865,5
0.451029771942873,-0.304626682247175,-0.0544871080837408,5
0.0291180251453022,-0.11885212436651,-0.559868622015158,5
-0.513780003107668,0.871245292624748,0.209650900621711,5
0.370779260077496,0.733021773291383,0.284980094781666,5
-0.293748169805833,-0.684616224316064,0.102025167234087,5
-0.178551617142351,0.46540759609206,-0.366241856245144,5
1.18313928355212,-0.179709772580247,-0.269565442300526,5
-0.0255006661572956,0.545855581736792,0.428812477027216,5
1.06903205671984,-0.240596639835999,-0.460975452782817,5
-0.448597892734603,-0.434996010395008,0.0469647545292973,5
0.194010822505844,-0.447327773830573,-0.279245739224334,5
0.150216393282975,0.981768586377493,0.793269174120698,5
0.526274162115326,-0.0250150693589736,0.22287493960713,5
-1.09124269426027,-0.48290679952739,0.0945766456206462,5
0.471713873697904,0.125535928255387,-0.129977967639132,5
0.740863168795811,-0.0374631029398642,-0.390737244877345,5
-0.883782111632868,-0.0921017777195405,-0.48082539686174,5
-0.216444450183949,-0.398920712642164,-0.485096965209541,5
0.239992987407683,-0.66296557533801,-0.546289563870555,5
-0.665211697493228,-0.629217493457015,0.0361198320393713,5
-0.105988441279641,0.505402397570999,-0.352925883939628,5
0.0938067513268551,1.20602786336281,-0.286156174754641,5
-0.0808357574522611,-0.789985411891877,-0.948327102599398,5
0.431853164581209,-1.00807300032454,-0.262488743441544,5
-0.973587298184843,-0.87487062089138,0.242419009625366,5
-0.151454103790293,-0.538942381047687,-0.165696889982227,5
-0.0591227692895888,0.269390407658632,0.140527361150483,5
-0.799672880862128,-0.909343910665378,-0.0444379576944112,5
-0.0297889916681363,0.457329896002691,-0.786983017026076,5
0.700111661141326,0.186445549303121,0.412598642513544,5
-0.0463871164181221,0.211750363547354,0.956871409650314,5
-0.0286473074259612,-1.06082511552225,0.482994664810489,5
-0.253779082957387,-0.428349799684382,-0.502010578356053,5
0.733897039375289,-0.794441862817777,-0.803739530944885,5
1.66469716255099,0.163195639764747,-0.397915733622447,5
-0.217046145834901,-0.460946806466262,0.748713996040869,5
0.412968964466604,0.212626237205393,0.130344468035179,5
-0.362588351309613,-0.0733246305624736,0.202258318469541,5
0.028476407435057,-0.0206688267352621,-0.338411848801594,5
-0.128498628040753,-0.367842288533483,-0.0148974627949605,5
-0.400257206783631,-0.834658192875568,0.417520069314084,5
0.746815650427812,0.187380099008645,0.608636943884079,5
-0.532969547710887,0.146961626388898,0.518180457140931,5
0.704037600359454,1.34656517163822,0.0647932609494806,5
0.198443978009838,0.649013573283543,0.448546254243838,5
0.240194776835979,-1.08974631718757,0.122152937806859,5
0.505835190528873,-1.30421653314527,0.313854354040889,5
0.575431762799725,-0.047048524038246,0.420871921130662,5
-0.142666640621495,-0.577358087947402,0.508939255716776,5
