-0.0856429262845,-0.0732459422749,-2.85146952567,0
-0.284981744421,-0.247367813795,-2.88292680156,0
-0.000136835988162,0.0263166462491,-3.45831820057,0
-0.052370996926,-0.0727892765028,-3.01040088513,0
0.145753358552,-0.0575021757606,-2.1482817613,0
-0.352796624325,-0.568252204912,-2.93447754797,0
-0.601392122885,0.0887373169763,-3.35820529506,0
-0.343765701223,-0.180984883083,-3.04918690355,0
0.278737318142,-0.362390764461,-3.39457890025,0
-0.56008541877,-0.204681134149,-2.81751936543,0
0.296604934563,0.324754877016,-3.38410452532,0
0.212574353197,-0.0801168592768,-2.7280261842,0
0.339079525097,0.0613102126627,-2.85903185858,0
-0.526209081609,-0.481976056611,-3.04546574658,0
-0.38591470577,-0.42677705949,-2.83875590748,0
0.401156980505,0.0516973115082,-2.8843968083,0
-0.330965406708,-0.339822691276,-3.12620195819,0
0.208146305755,-0.24553576044,-2.82860462301,0
-0.0145081953824,-0.15011744972,-2.98177056338,0
0.341852511298,-0.214730663524,-3.16861773355,0
0.0411004875789,0.128300273801,-2.77337099472,0
0.119464236181,-0.510326265345,-3.07905354013,0
0.0653377182173,0.0905962478278,-2.70560554818,0
0.396557350135,-0.160229455805,-3.16584183571,0
0.122394453569,-0.0854418024449,-2.96182213039,0
-0.272344576228,-0.319584789295,-2.88288429004,0
0.552723786424,-0.459161165002,-2.68509292476,0
-0.138489107082,-0.146190386365,-2.91375681156,0
-0.0103774074417,-0.323975946,-3.17959086861,0
0.251288081247,-0.322277677018,-2.70588419185,0
-0.271879771396,-0.326439971731,-3.29433584744,0
0.0774664861744,-0.222483705324,-3.20068394647,0
-0.0395297948322,0.00376364083522,-3.26132693038,0
-0.240182992432,-0.313924753158,-3.44402744079,0
0.0888800340192,0.562309263733,-3.1801125537,0
0.0957317731889,0.410307688089,-3.16025873265,0
0.398836218834,-0.0142494750612,-2.95728332011,0
0.396212561138,-0.248286054076,-2.67483047786,0
-0.0421593145533,0.243801632832,-2.15683538495,0
0.389783730107,-0.352241428927,-3.17835895803,0
-0.593744659223,-0.27582453335,-2.55795353286,0
0.122681438529,-0.343613045131,-2.69534676958,0
-0.472637868885,0.31274214631,-2.39764831814,0
-0.0654868596283,0.590346958567,-3.10308234524,0
-0.541095481041,-0.163675485262,-2.94593956495,0
-0.250478605833,-0.0936638659071,-3.58919076327,0
-0.0999148209641,0.0505477720592,-3.43263201633,0
-0.403273081271,-0.18356853307,-3.0138519457,0
-0.00880001753848,-0.13959446718,-3.38708117152,0
-0.296976904308,-0.102525856591,-3.03255556604,0
-0.282123561027,0.217744928731,-2.65961382523,0
-0.405760140033,-0.21458481609,-4.02103965916,0
0.104438239132,0.197063291257,-2.74119781063,0
0.312367178208,-0.0898885949529,-3.00224926446,0
-0.0126134057091,-0.470575317512,-3.40121561111,0
0.0926866377633,0.0806831423983,-2.93327898413,0
0.316167846435,-0.185087625311,-2.50821321712,0
0.163435285552,0.260017333648,-2.91568731457,0
-0.221263286883,0.102728906232,-3.36457729788,0
-0.462602778944,-0.218089915416,-2.89515099641,0
-0.161734564313,0.328644751652,-2.92034119963,0
-0.0792967567134,0.130435946803,-3.12270336187,0
0.649648986436,0.0953393438672,-3.582547395,0
-0.092241778447,0.0876423638024,-3.09089787472,0
-0.189319533164,-0.169648268026,-3.93927273545,0
-0.1870625521,0.394422070834,-3.02316491048,0
-0.450721986878,0.523054776587,-3.24465870795,0
0.0402486923856,-0.373495977721,-2.81115316242,0
-0.16378461496,-0.458942904765,-3.34758553933,0
-0.500991584772,-0.132317555118,-2.92499481661,0
-0.214821049742,0.00376840581291,-2.66876133401,0
0.211014421784,0.141751703724,-2.71352607838,0
0.267691247688,-0.511746252702,-3.28050281998,0
-0.116899443549,-0.0965264694441,-2.54711344346,0
-0.230396283232,0.220029763524,-3.44852163985,0
-0.118263676872,-0.0327075404141,-3.31593858123,0
-0.0267821187853,-0.0647569290538,-3.00793103823,0
-0.0410401006127,-0.155978490171,-2.82939423854,0
0.00540217337807,0.423024565508,-2.60415520196,0
0.60932483636,-0.0959480295745,-3.23104073637,0
-0.535794168657,0.374472430177,-2.65498070806,0
0.0249840697689,-0.26389490256,-3.01485630692,0
-0.238090502298,-0.184098655394,-2.86272404427,0
-0.137616601873,0.56431105864,-3.36665511115,0
0.199972401135,0.530617800851,-2.69076240796,0
-0.194708852847,-0.208781100198,-3.3098232775,0
-0.0937679542951,0.289081686889,-2.51268509311,0
0.421634447936,0.621353930631,-2.6969923118,0
0.253736038468,-0.0533173199604,-2.76714033899,0
-0.388558144286,0.0190521952102,-3.05058064201,0
-0.045337619794,-0.368908642239,-2.87595703267,0
0.553320161905,0.0126322950333,-2.46751597751,0
0.200813968459,0.188588064575,-3.3774062662,0
-0.247009179,-0.364208004143,-2.91637370854,0
0.0820659155608,0.14416796489,-2.73216047854,0
0.0528358770537,-0.16069242446,-3.08887251336,0
-0.000222474542436,-0.118394900638,-3.08794383155,0
0.445831916745,-0.219954320609,-2.82229678459,0
0.318947399682,-0.295370973197,-2.95577516507,0
0.131105676423,-0.091923505661,-3.16640073443,0
-0.396497097305,0.0316064457382,3.29217113444,1
-0.613012564236,0.496623459226,2.96799993493,1
-0.854413068862,-0.318762571833,2.82956928038,1
-0.307564343006,-0.226414725033,3.48841601025,1
-0.105286061023,-0.185020189213,3.18325237295,1
0.317009258284,0.193957791296,2.89249167371,1
0.256835515785,-0.566447490999,2.98663949897,1
-0.298212670784,0.555795753327,2.49389926438,1
0.707093066537,0.0216003786209,3.1372046425,1
0.196474333378,-0.157085653993,2.54494638379,1
0.0546012100474,0.0559813009573,3.22055548862,1
-0.074915763052,-0.347211237769,2.56345403892,1
-0.642238756153,0.245615903744,2.85369054639,1
-0.0932770418196,-0.0800239403189,2.83538090576,1
0.218204612955,-0.0126222813872,2.97817913937,1
0.00393800264356,0.249533742852,3.13616662856,1
-0.00677644007366,-0.426163466922,2.93033037026,1
0.0564426727921,0.110586735926,3.34086521983,1
-0.117660009249,0.474199939189,3.34730048598,1
-0.270177787782,0.450633537458,2.05690193967,1
-0.439017900795,-0.23363759624,2.86954358287,1
-0.521119416407,-0.536737775847,3.03969622551,1
-0.232826450497,0.454141895776,2.82262963693,1
-0.329374222079,-0.219862740154,3.12738149836,1
0.504994164222,-0.253367094159,2.97388207209,1
0.0104904412675,0.382836095729,2.85650500087,1
0.374203736299,0.171107357833,2.74713273286,1
-0.0329941872861,0.368670114203,2.96455950266,1
-0.0715965754695,0.046732699137,2.54303551237,1
-0.0820358153882,-0.0577433007272,2.88736301698,1
0.628912281028,-0.0393770683675,3.06870987766,1
-0.104345446712,-0.19786714239,2.70877540879,1
0.0584721294189,0.0488751160604,2.77545776148,1
0.264425978824,-0.515381108132,2.65123497896,1
-0.116414692412,-0.540014043171,3.23621293945,1
-0.183285278138,-0.0885540619786,3.24988818482,1
0.266743617232,-0.162401715478,2.56381089547,1
0.252464485675,0.48266752625,3.04633925503,1
0.357359711004,0.35684131928,3.02815271414,1
-0.30758932776,0.236886745902,3.56520854464,1
0.0238842738882,-0.381083443377,3.17807288318,1
0.249298359272,-0.251540438813,3.5898877646,1
0.0814143986236,0.0368598491703,3.24016652952,1
-0.0761866522906,0.181854246075,3.09711010057,1
-0.574350756172,-0.374708699007,3.37665308137,1
0.0996839811002,-0.370539276063,2.44653431667,1
0.298051377753,0.0270128555228,2.90549044749,1
-0.0704059418763,0.0238004562491,3.54337158273,1
-0.499687457618,-0.193283649722,2.90591275191,1
0.147129786863,0.279045086745,3.25802971211,1
0.430983506889,0.332920932907,2.98321714571,1
0.0886738636358,0.1873814396,2.74542634233,1
-0.365094113431,-0.560910758304,3.12385028045,1
-0.135595148876,-0.129800947562,2.80458429751,1
0.382482156109,-0.4465131747,2.75537824624,1
-0.0401715012938,0.292875855887,2.89102802626,1
-0.0431488476833,-0.314666740119,3.3119947046,1
-0.0534766562462,0.0348602281894,3.01863441598,1
-0.167073063684,-0.303335761848,2.93452498792,1
-0.0881346906194,0.318099102699,2.8461378189,1
0.554847595105,-0.342560328147,2.95703405357,1
-0.587266178261,0.00965412432974,2.61042886007,1
0.24806761195,0.621205572955,2.90737204114,1
-0.151080451369,-0.171219926356,3.33686951325,1
-0.0602232494691,0.278334123637,2.99463282432,1
-0.0769258265034,0.409844780683,2.84566296553,1
-0.212536998219,-0.146410962815,2.9188171914,1
0.582168257125,0.0287057135744,3.04508011482,1
-0.292211109806,0.596787901067,2.8701911563,1
0.134006009567,-0.105873322989,2.75511053657,1
0.0927264661273,0.254173473611,2.9009304841,1
-0.0743434979872,-0.247424711838,2.90048724474,1
0.272506919477,-0.46340742017,2.64424845473,1
0.0728665028977,-0.35376441959,3.06254071468,1
0.114848233413,0.516670381381,3.15250196463,1
0.334125884825,0.251123298057,3.25772005336,1
0.626960554642,0.369758789862,3.05472629679,1
-0.390165483962,0.103494178913,3.37668066183,1
0.404403316004,0.330051834935,3.38206137953,1
0.287581860728,0.20225050862,3.13281253758,1
0.338730802859,0.151252669246,2.65795018949,1
-0.190340125574,-0.178091456931,2.85695133415,1
0.333242094059,-0.115415153416,2.69577450083,1
-0.0289544772532,0.284153376603,2.71617331185,1
0.144796653378,0.322058456562,2.82491529458,1
0.00219722312778,0.292627135824,3.24932754683,1
-0.158148192141,-0.818011725239,3.05682078226,1
0.249241893554,-0.0927366708426,3.03633104085,1
0.258473311643,-0.0371236990303,2.72573128561,1
0.123316433923,0.106032660501,2.73258848137,1
0.243782158877,-0.0718006705076,3.01938573635,1
0.46163715154,0.31503853599,3.34393376672,1
0.242430037717,0.0951528746781,3.1339513226,1
0.490658504312,0.168347843833,2.88295055086,1
-0.0956063743329,0.199798124782,2.97938111737,1
-0.0034851072017,0.0886241832753,3.01304112145,1
0.0251648382988,0.487743529207,2.64612700829,1
0.00832438182761,-0.336687952484,2.87461580625,1
0.0900275773631,0.291633246984,3.55610976818,1
0.150138221891,-0.459149362792,2.88398725284,1
-3.49797030634,0.499792973868,-0.183927115869,2
-2.98581626965,0.00044806437985,0.407469745663,2
-3.05034271098,-0.42031807215,0.80716010538,2
-2.84355252148,-0.0208541483199,-0.940182171583,2
-3.39127162295,0.0249444859202,-0.600009962025,2
-2.87070045725,-0.350643651006,0.236069695213,2
-3.15726836191,0.146026610648,0.418145451863,2
-2.72442111203,-0.0439853222494,0.595136727034,2
-3.10147747914,0.20707225415,-0.278232645186,2
-2.66277211714,-0.059358009256,-0.243409246312,2
-3.71153102927,-0.349258565232,0.274670594587,2
-3.21947133976,0.00219977453385,-0.071190808466,2
-3.70258367081,0.0959432708535,-0.248646638772,2
-2.71127778371,-0.373548480325,-0.345401510893,2
-3.054928747,0.181896801913,0.0986843154626,2
-2.64201264823,-0.0418597306289,0.306215452575,2
-2.51742901213,0.0482054573449,-0.369324150969,2
-3.18466762048,-0.280356861263,0.442288869317,2
-2.90401451319,0.0949221298186,-0.0718405624436,2
-3.01954848027,0.0559388710105,-0.195124852687,2
-3.19977473462,0.256777853952,-0.485141352513,2
-2.87350713652,-0.139368010082,-0.593417599788,2
-3.33888656774,0.0279731998658,-0.105208234129,2
-3.00985965051,-0.518790794524,0.28410387179,2
-2.83532950721,0.243039813073,0.204627042441,2
-2.84508544908,-0.194151680479,0.0918297082635,2
-2.98039514683,-0.010172715056,0.307441576701,2
-3.19524617397,-0.625917063794,0.572144138071,2
-3.27716619375,-0.0645100893458,0.508027753668,2
-3.10107653681,-0.00737620777816,-0.0618113909352,2
-3.3142753756,0.0321342069515,0.200985453305,2
-2.99261904822,0.0567699523781,0.108083490295,2
-2.79083965765,-0.114959018258,0.148184276041,2
-3.08313896789,-0.53311232923,0.380645242423,2
-2.89363042992,-0.249074625083,0.140484233023,2
-3.12170954782,0.04010630973,0.296565285478,2
-3.15486901599,-0.150425120534,-0.416738436195,2
-2.70467474993,0.130080289813,0.00663775896502,2
-2.87054132237,0.328899925208,-0.693391839907,2
-2.38702026559,0.538389880736,-0.0909761578871,2
-2.99898299194,-0.552269392462,0.00146969088319,2
-3.4709914268,-0.146976514399,-0.280769655355,2
-3.07661080888,0.0323875122085,0.319253196546,2
-2.90589873448,0.511108591144,0.4424706491,2
-2.82828372848,-0.287476976784,0.091079245292,2
-2.64143079004,0.0406892977411,-0.401137365687,2
-2.91495401295,-0.139850469407,0.147423342404,2
-2.58080284328,0.704526669989,0.295425781605,2
-3.45915948492,-0.00346817717366,0.448517691258,2
-3.11559842604,0.178197505545,-0.00428911186377,2
-3.06962367586,0.166875698957,-0.105226703624,2
-2.5372884059,0.0552764640899,0.308805669491,2
-3.69983822667,0.0827407468281,-0.0499652613832,2
-2.83463178414,0.263029721342,-0.0070240752953,2
-3.03157380273,0.15149650587,-0.0877252131415,2
-2.88452169384,-0.219789305464,-0.312438923593,2
-2.63973498535,0.422277139135,0.277996910924,2
-2.52329876552,0.107922112396,0.264007884024,2
-2.83024807411,0.417539824859,-0.559011705119,2
-2.65581478473,0.29788391086,-0.958406359205,2
-2.84349472909,-0.0548755708329,-0.440002518984,2
-3.33795882493,0.0936651326864,-0.604376685847,2
-3.3168941183,-0.0114021456852,0.057220351191,2
-3.08467616508,-0.0257735146889,0.0852146253162,2
-2.53460601634,-0.0837645557561,0.123615057474,2
-3.02863241083,0.446440925861,0.0913423450757,2
-2.98873117672,-0.12233019811,-0.0465794612012,2
-3.14237214595,0.595352674395,0.0230778840623,2
-3.12456067345,-0.064960956262,0.0998119223002,2
-3.28670847733,0.111628181354,-0.0616788302899,2
-3.25269847689,-0.42705070776,-0.264938002931,2
-3.27230134747,0.107922465019,-0.725104137698,2
-3.10116738284,-0.553372893771,0.298019398606,2
-2.76836614155,0.295111785089,-0.466434282325,2
-3.30862879708,-0.248833129384,-0.208623728358,2
-3.02992620995,-0.32566678362,-0.0561360130574,2
-3.01509020936,-0.113607682303,-0.53187130332,2
-3.22894670445,-0.0105881807226,0.222601820913,2
-3.47609510587,-0.624445421588,0.261726430339,2
-3.14793553157,-0.0800703548567,-0.239146498955,2
-2.98961694182,0.042517581242,0.0946253972414,2
-2.94926970775,-0.607254369183,0.0748828044852,2
-3.48227656886,0.0634580728898,-0.185480729025,2
-2.68063379021,-0.131839237767,0.068543651006,2
-2.94622456916,0.215626159476,-0.264360340276,2
-2.77885806213,0.0308652936753,0.0767254342579,2
-2.80014935315,0.00190656746948,-0.182225179061,2
-3.11494707246,0.384871387945,0.0336134185113,2
-2.82575427181,0.541206788009,0.197361073966,2
-3.51596351864,-0.15023428249,0.0263029247354,2
-3.49581196169,-0.306359048837,-0.753031310485,2
-2.97348360893,0.556579959095,-0.232414388007,2
-3.03901555655,0.188671651823,-0.13963078388,2
-2.7813264326,0.197534849627,0.0574256116057,2
-2.87379033888,-0.434106933238,0.216934039849,2
-3.18418636479,-0.00965535737215,0.175225713038,2
-3.00657478202,0.121194672282,-0.282783496487,2
-2.96166415671,0.51466720273,-0.282303262525,2
-3.11077593853,-0.336034196,-0.310779572125,2
-3.05304136478,-0.0776483365085,-0.649403155664,2
3.14791889777,0.344908274187,0.0609870841208,3
2.91400963418,-0.41853419539,-0.212037463937,3
3.00469900474,-0.0466356464056,-0.102195745894,3
3.17219029352,0.144627431946,-0.258615656276,3
2.92211918516,0.0796077098505,0.173669299536,3
2.52069210804,-0.138964888093,0.520898657665,3
2.94303314897,0.107421174065,0.145248100247,3
3.21505309437,-0.510372584578,0.511051737305,3
3.29468932606,0.318567193395,0.202790501967,3
3.2269826754,-0.066256502682,0.25622237166,3
2.96470919701,-0.19767689527,0.489368745795,3
2.48952939757,-0.514881646332,-0.0032327944101,3
3.10798836193,-0.00571444705762,0.11302307403,3
3.08742763918,0.381063496981,-0.294111910246,3
2.64578216401,-0.490576942272,-0.242263918182,3
2.8256464369,0.302037163753,0.0240285326016,3
2.9700630098,0.398900268005,-0.452997338358,3
2.60000502098,0.253729431019,-0.248892446868,3
2.73207665897,-0.442446706789,0.399496284059,3
3.58511152252,0.337135488184,0.267569214392,3
3.02214796497,0.0123072709134,0.162982850654,3
3.10212193997,-0.156696365226,-0.142223714929,3
3.18402638365,-0.459484686785,-0.186172637434,3
2.95050579569,0.174622664568,-0.205366454253,3
2.91685826328,-0.37586759994,0.0558804693454,3
2.34667706378,-0.0635372066248,-0.163096910439,3
3.46531481756,-0.0575195138739,-0.15769310014,3
2.94483808311,0.0937142503162,0.162565339576,3
3.19907932034,-0.258840620105,0.135708515607,3
3.08512457602,0.0971429874578,-0.0735083381701,3
2.55976898508,0.195199265496,0.651703145022,3
3.32225380098,-0.00745551053002,-0.407382527723,3
2.64409767724,0.251780080034,-0.0411809930259,3
3.10486783845,0.574876668817,-0.262404813987,3
3.04571085792,-0.180028377297,0.326599922613,3
2.79743623021,-0.106533213517,0.325989063744,3
2.79882636288,-0.136477801284,-0.0326360774581,3
3.03856076768,-0.471944268576,-0.0162131109699,3
2.7820516964,-0.151684786426,0.238459965392,3
3.28031364548,0.219238910282,-0.0806407408852,3
2.82126026851,-0.0185720388166,-0.314876790975,3
3.19679446924,0.158831120585,0.161444685935,3
3.02221235814,-0.193624575355,-0.12489659262,3
3.37858289364,0.115376369835,-0.215058462274,3
3.41646685634,-0.316038641297,-0.202845102513,3
3.43140068088,0.422144640142,0.345798335454,3
2.81348663492,-0.141465967422,0.318708977423,3
2.63926965878,-0.145520734115,-0.388157304432,3
3.32758328984,-0.410383628542,1.2645071789,3
3.46487769199,0.0118047038644,0.296268009554,3
3.05143471487,0.0663604995273,0.1038458564,3
3.47876704026,-0.460836765053,-0.22983079787,3
3.01595985197,-0.182012290487,0.115498643292,3
2.75227786291,-0.0639069320873,-0.23960784547,3
2.88187368195,0.159425539959,0.347154036395,3
3.31891144902,-0.0779506236007,-0.137225606572,3
3.33694257649,-0.113155942967,0.38197112684,3
3.05188825224,-0.216922423482,0.0278005791675,3
2.74333297701,0.140933002235,-0.0415620749563,3
2.87402185898,-0.159434525587,0.0349007441448,3
2.89787890614,-0.0944176591354,0.05362751157,3
2.64264229119,0.0317885982582,0.298159644211,3
2.54624501703,0.271648554674,0.1426848317,3
2.81430678167,0.0675808022536,-0.515662227414,3
2.92857630642,0.534264199274,-0.0237516645074,3
2.58366502703,0.41103885501,-0.0405596241027,3
2.75958083829,-0.268010418652,0.316482974099,3
2.65865935181,0.429494638198,-0.244213750481,3
2.75481025265,-0.156456705537,-0.315610341439,3
3.31934626825,-0.110434719122,-0.00712799943168,3
3.42507921383,-0.490536698188,-0.00832391040157,3
3.15335707899,-0.287986504672,0.261765021698,3
3.05554967823,0.156390729866,-0.0152136052749,3
2.8188437171,0.329834483063,0.15733556715,3
3.20155538543,-0.568966553094,0.115389643338,3
3.47136982531,0.454972911796,-0.266156234766,3
2.89428360106,0.39389741155,0.339705948477,3
3.13048679169,0.47546390035,0.227627909955,3
3.8557047551,-0.287471037496,-0.0777065037525,3
3.13493126737,-0.163004468585,-0.0256985427741,3
2.65890685212,0.0656562060884,-0.000402533939826,3
3.43707504861,0.025433257552,-0.0521222350778,3
3.51212881272,-0.112483297585,0.0297725986696,3
2.59227264178,-0.0764345053206,0.122830914814,3
3.32320048972,-0.720424781655,0.354106313695,3
3.126103709,0.213700102406,-0.313510806077,3
3.1879186999,-0.166568608162,-0.212698838724,3
2.94188900271,-0.146620573735,-0.288894299295,3
2.81478751379,-0.268328838335,0.222084706262,3
3.16235720287,0.277983216718,-0.272502408525,3
3.0136801543,0.152709995035,0.0862233240846,3
2.85463029515,0.230904435291,-0.10922870559,3
2.36739185417,-0.177515242417,0.059225098534,3
3.02261794737,0.291449923344,0.471548207671,3
2.76371259003,0.224199522772,-0.432506000876,3
2.92005449573,0.011696684416,0.782485270722,3
2.97555800629,0.348289738748,0.14050060371,3
3.21035578898,0.178830524216,-0.0959642348606,3
2.91763333734,0.121303814319,-0.407535917146,3
3.08029326556,-0.197336393243,0.233875554372,3
0.183790625825,-3.10116171756,0.0350101752074,4
0.178656927992,-3.08421113584,-0.149365643474,4
-0.126902285176,-2.32868375612,-0.147034088901,4
0.0988523186244,-3.17926769647,0.130246957904,4
0.0500698027296,-2.75985659645,-0.135346031781,4
-0.603561186449,-2.85039483624,-0.277515495173,4
-0.115968713582,-3.1638156849,0.27735437896,4
0.133557885494,-3.07034890247,-0.106234746804,4
0.163782988836,-2.69419153388,0.00182592051104,4
0.332176427641,-2.87171585707,-0.00644811407237,4
0.00114174604226,-3.50894056935,0.165582641382,4
0.453832393823,-3.15141677492,-0.0911032327266,4
-0.306768852138,-2.95389549155,0.446370913623,4
0.2669107733,-2.70588368815,0.19963530877,4
0.0745471787345,-2.99566827925,-0.314311036069,4
-0.500728795025,-3.16849317361,0.337823097345,4
0.137109500945,-2.93215105422,0.233869384627,4
-0.932038870169,-3.14069066168,0.343258332207,4
0.324220745666,-2.97211188296,0.118510702937,4
0.0469153612537,-3.95975678126,0.12187654849,4
0.175735923629,-2.64833272458,0.495102771841,4
0.568348239283,-3.19274607865,0.331279201696,4
0.192101613374,-3.54312342732,0.169342832954,4
0.297790757716,-3.99843108681,0.183844474095,4
-0.0132778421055,-2.84423175887,-0.0600796465258,4
-0.217993418342,-2.76568511034,0.0976529547633,4
0.0304997595163,-2.97361025262,0.100391021755,4
-0.235478327863,-2.64931599449,-0.0142330380241,4
-0.000942851580689,-3.17439927292,0.134319326719,4
0.170783343793,-3.07191389428,0.16452233912,4
-0.0500639828427,-2.13768946487,0.0701244248864,4
-0.286085262571,-3.13522854778,-0.229376008285,4
0.161476055965,-2.95151208638,0.598913026071,4
-0.26057487784,-3.0620924992,0.159737357584,4
0.619375969453,-3.11393790401,-0.198775036261,4
-0.181222300008,-2.79910910081,-0.026319795999,4
0.0321504457441,-3.49752681397,-0.34571976044,4
0.848116401376,-2.78101565463,-0.312243989477,4
0.478600453034,-3.15916300036,-0.335533354088,4
-0.271488440522,-3.25503253495,0.0680151306181,4
0.270978018629,-2.87095014915,-0.39662724822,4
0.0715543568896,-2.55104121326,-0.243423826937,4
-0.111644261939,-3.15855268897,0.339668954977,4
0.159996331337,-2.90932634516,-0.0538491942943,4
0.0229347795173,-3.14277499736,0.267667023963,4
0.00642276150457,-3.3811063338,-0.0648163504542,4
0.149810543069,-2.91753476873,0.291698254026,4
-0.513556939825,-2.99634233261,-0.313055518352,4
0.315012629334,-2.66185531452,0.439633463413,4
0.309484102105,-2.88948771398,0.102060802934,4
-0.067004730892,-3.03387639399,-0.0612861505057,4
0.0830836135513,-3.00415959542,-0.176879835814,4
-0.561394237408,-3.12154910569,-0.0738435252483,4
0.1977925345,-2.96213476447,0.475295097991,4
0.289838775079,-3.30468308019,0.398632062816,4
-0.06022294456,-3.37252962272,-0.3876337782,4
-0.0192044097967,-3.10156672243,0.250204970386,4
0.300743553499,-2.37662233309,-0.107597057558,4
0.211987063725,-2.89595989986,0.29482390921,4
0.0389836677851,-2.98505202263,-0.14136679565,4
-0.319718553002,-3.09272510362,-0.24918669385,4
-0.275328862033,-2.74224167871,-0.256026270925,4
0.155121630846,-3.1180437317,0.536594732074,4
-0.157275224117,-3.31796143296,-0.0217985948087,4
0.0898864556311,-2.71220732577,-0.275759498031,4
-0.0858362824524,-2.82379975478,0.0617016407626,4
-0.038160693126,-2.21236697042,-0.0287026588991,4
0.263085655739,-3.55593028303,-0.0590069563644,4
0.264984852199,-2.39951278722,-0.229178218925,4
0.480181106577,-3.02042628386,-0.375625659233,4
-0.205695012401,-2.69552136035,-0.356907930146,4
0.0119435979988,-3.05952988755,0.272387323197,4
0.0203371248384,-3.27985135258,0.660975857101,4
-0.2825315978,-3.10417467741,-0.446074785726,4
-0.277181703864,-2.68832571061,-0.567032901566,4
-0.179380499117,-3.23672119911,-0.493154745741,4
-0.0122070530678,-2.80494467262,-0.306838563142,4
-0.159440434953,-2.32781226275,0.1414877804,4
0.187350383342,-3.14990204619,-0.512274697536,4
0.00879438299194,-3.07620086193,0.245724828301,4
-0.25428577542,-3.01286762148,0.0954839988116,4
-0.385880332448,-2.86971571624,0.109518830755,4
0.0838204626356,-3.06888137926,-0.596290854789,4
0.0949303206593,-3.12922389741,-0.24550050001,4
0.0418698071133,-3.09309911957,-0.448546471121,4
0.0686840529702,-3.31759503821,0.082588880518,4
0.201792711664,-3.3473430634,-0.263579807277,4
0.0787584172634,-3.34177962312,0.110004617352,4
-0.115514046724,-2.5905363821,-0.0485925703038,4
0.0537379323463,-2.87425344342,-0.0193880343429,4
0.680976631426,-2.60565093572,-0.211941164536,4
-0.637615316983,-2.71552418993,-0.470851690528,4
0.0792857887117,-2.81386606854,0.0960023289576,4
0.332290111303,-3.13761080672,0.0735849950397,4
-0.354132854282,-2.89875894798,0.738922191124,4
-0.431522758589,-2.66450113007,0.352038519088,4
0.14014806025,-3.56515940863,-0.612331446949,4
-0.0811373859634,-2.81471224129,-0.731283256232,4
0.290417228094,-2.61378829769,-0.0340190296469,4
-0.252701174013,-2.98798585654,-0.328145101302,4
